O 1 1 49
205.5 156 0
201.5 154.5 0.033
196.5 154.5 0.05
187.5 154.5 0.067
173 154.5 0.083
159 155.5 0.1
139.5 163.5 0.116
122.5 174.5 0.133
106.5 183.5 0.15
96.5 190.5 0.166
87.5 200 0.183
80 211.5 0.2
74 226 0.216
71 242 0.233
70.5 254.5 0.25
70.5 267.5 0.266
73 281.5 0.283
80 293.5 0.3
88 305.5 0.316
98.5 319.5 0.333
107 329.5 0.35
118 338.5 0.366
130 345 0.383
144.5 350.5 0.4
161.5 352.5 0.416
178 352.5 0.433
192.5 351 0.45
207 340.5 0.466
218 331 0.483
228.5 320.5 0.5
237.5 311.5 0.516
244.5 301.5 0.533
250 291 0.55
253.5 280 0.566
255.5 267.5 0.583
257 256 0.6
257.5 248.5 0.616
257.5 240.5 0.633
257.5 232 0.65
254 223.5 0.667
248.5 212.5 0.683
242 200.5 0.7
233.5 188 0.717
224.5 176.5 0.733
218 169 0.75
211 162.5 0.767
205.5 158 0.783
201.5 155.5 0.8
197.5 154.5 0.817
O 1 1 42
159 242.5 0
152 242.5 0.033
141.5 242.5 0.05
130.5 245 0.067
115 250.5 0.084
97.5 260 0.1
82.5 271 0.117
69.5 283.5 0.133
62.5 294 0.15
59.5 304 0.167
59 316.5 0.183
59 328 0.2
63 340.5 0.217
70 353.5 0.233
81.5 367 0.25
93.5 377.5 0.267
104 385 0.284
117.5 391.5 0.3
130.5 395 0.317
143.5 396 0.333
159.5 396 0.35
176.5 396 0.367
192 393.5 0.383
207 386 0.4
218 377 0.417
227.5 367 0.433
236 357 0.45
243.5 346.5 0.467
248.5 337.5 0.484
251 327 0.5
251 315.5 0.517
250 301 0.533
243.5 287.5 0.55
235.5 274.5 0.567
226.5 263.5 0.584
218.5 257 0.6
208.5 251 0.617
199 246.5 0.634
187.5 243 0.65
176 241.5 0.667
166.5 241.5 0.683
152 241.5 0.7
O 1 1 43
179 184 0
172.5 183 0.017
163 183 0.033
148 188.5 0.05
130 198 0.067
112.5 210 0.083
98.5 222 0.1
88.5 236 0.117
81.5 248.5 0.133
75 266.5 0.15
73.5 281.5 0.167
73.5 297 0.184
74.5 309.5 0.2
80.5 321 0.216
88.5 330 0.233
98 338 0.25
109 345 0.267
121.5 351 0.283
133 353.5 0.3
148 355 0.317
167.5 355 0.333
185 355 0.35
202 353 0.367
215.5 346.5 0.383
228.5 336 0.4
237.5 326 0.417
246 314 0.433
253.5 301.5 0.45
259 289.5 0.467
262 276 0.483
262.5 264 0.5
262.5 248.5 0.517
258.5 235 0.533
252 223 0.55
244.5 212.5 0.567
235 204 0.583
224 198.5 0.6
211 193.5 0.617
197.5 189.5 0.633
185 185.5 0.65
176 182.5 0.667
169 181 0.683
162.5 180.5 0.7
O 1 1 35
132 205.5 0
128 211 0.05
124.5 217 0.067
114.5 236 0.083
101.5 264.5 0.1
93.5 287.5 0.117
88 307.5 0.133
86 324 0.15
85 338 0.167
85 354 0.183
90 366 0.2
100 376.5 0.217
113 383.5 0.233
128 385 0.25
148.5 385 0.267
168 381.5 0.283
187 375 0.3
203.5 365 0.317
217.5 352 0.333
228 337 0.35
234.5 323.5 0.367
239 307 0.383
240.5 291.5 0.4
240.5 277 0.417
240.5 262 0.433
233 248.5 0.45
222 233.5 0.467
211 221 0.483
200.5 211 0.5
190 203.5 0.517
181 200 0.533
169 199.5 0.55
155.5 199.5 0.567
144 204 0.583
133 210 0.6
O 1 1 34
184 164.5 0
175.5 165.5 0.05
165 170.5 0.067
148.5 183.5 0.084
130.5 198.5 0.1
114.5 214.5 0.117
99.5 232 0.134
88 251 0.15
80.5 270.5 0.167
78 288.5 0.184
78 310.5 0.2
85.5 330.5 0.217
97 346 0.234
110 357.5 0.25
128.5 365 0.267
146 367.5 0.284
169 367.5 0.3
188.5 357.5 0.317
206 343 0.334
224 324.5 0.35
236 307 0.367
246 287 0.384
252.5 267 0.4
255.5 250 0.417
255.5 231.5 0.434
255.5 215 0.45
249 201 0.467
241 189.5 0.484
231 181 0.5
219 175 0.517
207 169.5 0.534
196 166.5 0.55
184.5 165.5 0.567
176.5 165.5 0.584
O 1 1 35
141.5 230.5 0
133 238.5 0.033
122 254 0.05
111.5 273.5 0.067
102.5 295.5 0.084
98 316 0.1
97 332.5 0.117
97 350 0.133
100.5 364.5 0.15
108.5 376 0.167
119.5 384.5 0.183
129.5 389.5 0.2
144.5 392.5 0.217
159.5 392.5 0.234
180 391.5 0.25
197.5 382.5 0.267
212.5 372.5 0.284
225 361.5 0.3
234.5 352 0.317
242 341 0.334
246.5 331.5 0.35
248.5 322.5 0.367
248.5 310.5 0.384
248 298 0.4
242 285.5 0.417
233.5 273.5 0.434
223.5 263 0.45
213 255.5 0.467
201.5 249.5 0.484
189.5 245.5 0.5
176 241.5 0.517
165 239.5 0.533
153 238 0.55
145 238 0.567
131 239 0.584
O 1 1 38
169 177 0
162 179 0.033
148.5 188.5 0.05
127.5 206.5 0.067
108.5 226.5 0.083
94 247.5 0.1
85 263 0.117
79 277 0.133
76.5 292 0.15
76.5 307.5 0.167
81.5 326 0.183
91.5 341 0.2
105 355 0.217
120.5 364.5 0.233
134.5 371 0.25
151.5 375.5 0.267
170 377.5 0.283
190 378 0.3
209.5 378 0.317
228.5 371.5 0.333
241.5 360 0.35
249 347 0.367
256.5 329 0.383
261.5 317 0.4
265.5 302.5 0.417
266.5 290 0.433
266.5 272 0.45
261 253.5 0.467
253 236.5 0.483
246 223 0.5
237 210 0.517
228.5 199 0.533
218.5 189.5 0.55
208 182 0.567
197.5 178 0.583
184.5 177 0.6
170 177 0.617
159 182.5 0.633
O 1 1 42
150.5 182.5 0
143.5 183.5 0.033
138 185 0.05
126.5 196 0.067
113.5 213 0.084
100.5 232 0.1
91 251 0.117
84.5 267.5 0.133
79 282.5 0.15
77 298.5 0.167
77 315 0.183
79 333.5 0.2
87 350 0.217
95 360 0.233
105 369 0.25
117 374.5 0.267
131.5 378 0.283
147 380 0.3
163.5 380 0.317
180.5 378 0.333
198 370.5 0.35
210.5 363 0.367
224 352.5 0.384
235.5 341.5 0.4
243.5 330.5 0.417
249.5 318 0.434
252.5 303 0.45
253.5 290 0.467
253.5 273.5 0.483
253.5 257.5 0.5
249 242 0.517
242.5 228 0.534
233.5 217 0.55
224 208 0.567
213 201 0.583
201 193.5 0.6
188 188 0.617
173.5 183 0.633
163.5 181.5 0.65
152.5 181 0.667
145 181 0.684
133 183.5 0.7
O 1 1 41
149 172 0
129.5 192 0.1
116.5 210 0.117
103.5 228.5 0.134
92.5 247.5 0.15
84 265.5 0.167
78.5 279.5 0.184
76 291.5 0.2
76 304.5 0.217
78 318.5 0.233
87 331 0.25
99 343.5 0.267
110.5 352 0.283
124.5 358.5 0.3
140.5 363.5 0.317
158.5 367 0.334
176.5 368.5 0.35
197.5 368.5 0.367
211 366 0.383
225 358 0.4
236.5 349.5 0.417
245.5 338.5 0.434
253.5 327.5 0.45
258.5 318 0.467
261 302 0.484
261.5 288 0.5
261.5 271.5 0.517
256.5 257.5 0.534
250.5 245 0.55
244 233 0.567
236.5 222 0.584
227.5 211 0.6
218.5 200 0.617
209 189 0.634
199.5 181 0.65
191.5 176 0.667
182.5 172.5 0.684
174 170.5 0.7
165 170.5 0.717
155 170.5 0.734
145 173 0.75
O 1 1 52
179 183.5 0
171 182.5 0.033
165 182.5 0.05
158 184.5 0.067
147.5 188 0.084
133.5 193.5 0.1
115 203.5 0.117
96.5 215 0.133
81 229 0.15
69 242.5 0.167
62.5 252 0.184
57.5 263.5 0.2
55 275.5 0.217
55 290.5 0.234
55 301 0.25
58 313 0.267
63.5 322 0.283
70.5 329.5 0.3
79 336 0.317
90.5 344.5 0.333
101.5 353 0.35
114.5 360.5 0.367
124.5 365.5 0.384
135.5 369.5 0.4
148 372.5 0.417
161 374.5 0.434
174 375 0.45
187.5 375 0.467
199 375 0.484
211 369.5 0.5
221.5 362 0.517
232.5 352.5 0.534
245 340 0.55
256 327.5 0.567
261.5 317.5 0.584
266 307 0.6
269 295.5 0.617
271 285 0.634
271.5 276 0.65
271.5 264 0.667
271.5 253 0.684
264.5 241 0.7
256 229 0.717
246.5 217 0.734
236.5 205.5 0.75
227.5 196.5 0.767
219 190.5 0.784
209.5 186 0.8
199.5 183.5 0.817
190 181 0.834
183 179.5 0.85
178 179 0.867
ok 1 1 24
34 223 0
33.5 225.5 0.017
39 238 0.05
47.5 257 0.067
59.5 278.5 0.084
73.5 304.5 0.101
86.5 329 0.117
98.5 351.5 0.134
107 366 0.151
113 374 0.167
117 378.5 0.184
119.5 379.5 0.2
122 379.5 0.217
126.5 373 0.234
138.5 351 0.251
149 325.5 0.267
158 298 0.284
167.5 266.5 0.301
178.5 235 0.317
190 203.5 0.334
202 176 0.351
216.5 152.5 0.367
230.5 132 0.384
242 116.5 0.4
ok 1 1 28
60 230 0
61 246 0.066
68 264.5 0.083
78 285.5 0.1
89.5 307.5 0.117
100 329.5 0.133
109.5 348.5 0.15
118.5 364.5 0.167
123.5 374.5 0.184
126.5 381 0.2
127.5 384 0.217
128.5 385 0.233
129 385 0.25
130 381.5 0.267
135 362 0.283
141.5 340.5 0.3
148 319.5 0.317
155 297 0.333
163.5 269 0.35
174 242 0.367
187 215.5 0.383
201 187 0.4
217.5 161.5 0.417
232 139 0.433
240.5 124 0.45
244.5 113 0.467
248 106.5 0.483
250 103 0.5
ok 1 1 26
59.5 242 0
67 265 0.083
75.5 285 0.1
86 304.5 0.117
95 324 0.133
103.5 339.5 0.15
111.5 354 0.167
118.5 364.5 0.184
124 371.5 0.2
128 376 0.217
130 377.5 0.234
132 378 0.25
134 378 0.267
138.5 362 0.284
145 342.5 0.3
151.5 318.5 0.317
160 288 0.334
170.5 260 0.35
185 234.5 0.367
200 207.5 0.383
215.5 180 0.4
230.5 153 0.417
244.5 129.5 0.433
253 114 0.45
259.5 104.5 0.467
263.5 101 0.483
ok 1 1 21
61 250 0
65.5 261 0.05
73 283.5 0.067
86 315 0.083
98 339 0.1
107 355 0.117
115.5 366.5 0.133
122.5 375.5 0.15
127 381 0.167
130.5 383.5 0.183
133 384 0.2
135.5 384 0.217
144 368.5 0.233
156 336.5 0.25
166 303.5 0.267
177 268.5 0.283
190.5 235 0.3
207.5 201.5 0.317
225 173.5 0.333
244 150 0.35
266 126 0.367
ok 1 1 21
56 267.5 0
59.5 276.5 0.05
72 298.5 0.067
85.5 325.5 0.083
98.5 348 0.1
107 362.5 0.117
114.5 372.5 0.134
122.5 381 0.151
128 386 0.167
133 388 0.184
138 388 0.2
147 376 0.217
157 348.5 0.234
165 317 0.25
172.5 281 0.267
183 244 0.284
196.5 209 0.3
212.5 177 0.317
228.5 152.5 0.334
242.5 135.5 0.35
255.5 120 0.367
ok 1 1 21
73.5 225.5 0
76 236.5 0.05
82.5 254 0.067
93.5 281.5 0.083
105.5 309 0.1
117.5 334 0.117
128 349.5 0.134
136 359.5 0.15
141 364.5 0.167
145.5 366 0.184
151 366 0.201
160 354 0.217
171 337 0.234
184 312.5 0.251
196.5 282.5 0.267
211 248 0.284
225.5 217 0.3
240.5 190 0.317
253.5 172.5 0.334
267 157.5 0.35
280.5 144 0.367
ok 1 1 20
63 269 0
64.5 279.5 0.05
70.5 294 0.067
81.5 320 0.083
91.5 344.5 0.1
100.5 365 0.117
109.5 382 0.133
116 393.5 0.15
121.5 400.5 0.167
126 403 0.183
131.5 403.5 0.2
145 394.5 0.217
163 364.5 0.234
179.5 335 0.25
195 301.5 0.267
212 263 0.284
229.5 229 0.3
248.5 201 0.317
265.5 179 0.334
280.5 164 0.35
ok 1 1 22
89.5 194 0
94.5 207 0.015
98.5 222 0.031
109 249 0.048
118.5 270 0.065
125.5 285.5 0.081
131.5 300 0.098
135 309 0.115
138 315.5 0.131
140.5 319 0.148
144 320 0.165
149 320 0.181
158.5 308.5 0.198
168.5 291 0.215
181 265.5 0.231
194 238 0.248
209 206 0.265
225.5 172 0.281
243 140.5 0.298
259.5 115.5 0.315
277 96 0.332
295 77.5 0.348
ok 1 1 22
57.5 227 0
61 235 0.05
64.5 250 0.067
74 278 0.083
86 310 0.1
98.5 338.5 0.117
107.5 355.5 0.134
114.5 365.5 0.15
119.5 370.5 0.167
123 372.5 0.184
126.5 373 0.2
133.5 368 0.217
144 353 0.234
156 327 0.25
168.5 295.5 0.267
182 259 0.284
198.5 224.5 0.3
219.5 190 0.317
241.5 160.5 0.334
262 137 0.35
277.5 121.5 0.367
292.5 107 0.384
ok 1 1 22
71.5 224.5 0
71.5 231.5 0.017
72 238.5 0.034
77 250 0.05
86 269 0.067
99 295.5 0.084
109 314.5 0.1
120 331.5 0.117
128 342 0.134
133.5 349.5 0.15
137 353.5 0.167
140 355 0.184
142.5 355 0.2
147 345.5 0.217
156 324.5 0.234
168 291 0.25
181.5 253.5 0.267
197.5 213.5 0.284
216.5 173 0.3
235.5 140.5 0.317
254.5 117 0.334
273.5 93.5 0.35
1 1 1 32
91 274.5 0
95 268.5 0.034
103 261 0.05
121.5 245 0.067
135 231 0.084
149 216.5 0.1
160.5 199.5 0.117
172.5 182.5 0.134
183 167.5 0.15
190 155.5 0.167
196.5 143 0.184
200 136 0.2
202.5 131 0.217
204 128.5 0.234
204.5 128 0.25
204.5 128.5 0.284
204.5 140 0.301
199 163 0.317
192.5 188.5 0.334
186.5 215 0.351
181 242 0.367
173.5 272 0.384
165.5 301.5 0.401
159 330.5 0.417
154.5 353.5 0.433
150 373 0.45
147 386.5 0.467
144 396.5 0.483
141 403.5 0.5
139 408 0.517
138.5 410 0.533
138.5 412.5 0.55
1 1 1 33
124 265.5 0
130 249.5 0.067
139.5 229.5 0.083
148.5 205.5 0.1
155.5 179.5 0.117
161.5 153 0.134
167 129 0.15
171 112 0.167
174 100 0.184
176.5 94 0.2
177 91.5 0.217
178 91.5 0.234
178.5 91.5 0.25
178.5 98 0.267
178.5 114.5 0.283
179 138.5 0.3
181.5 164.5 0.317
185 189.5 0.333
188 213.5 0.35
188.5 238.5 0.367
189 263.5 0.383
189 286.5 0.4
189 304 0.417
189 321.5 0.434
189 333.5 0.45
189 346 0.467
189 358 0.484
189 370.5 0.5
189 382.5 0.517
189.5 390.5 0.534
189.5 395.5 0.55
190 398.5 0.567
190 401 0.584
1 1 1 32
112.5 280.5 0
115 276 0.05
124 261.5 0.067
139 238.5 0.084
151.5 215 0.1
161 187.5 0.117
167 163.5 0.134
172.5 139 0.15
177.5 120.5 0.167
182.5 108.5 0.184
186.5 100.5 0.2
189.5 96 0.217
191.5 93.5 0.234
192.5 93.5 0.25
193 93.5 0.267
193.5 96.5 0.284
193.5 117.5 0.3
190.5 142 0.317
187.5 169 0.334
186.5 194 0.35
186.5 222 0.367
186.5 256.5 0.384
186.5 284 0.4
186.5 314.5 0.417
185 343 0.434
184 368.5 0.45
183 388.5 0.467
182 407 0.484
181.5 419 0.5
181 426.5 0.517
180 429 0.533
178.5 429 0.55
1 1 1 31
82 291 0
92 278 0.067
109 254 0.084
124 227 0.1
133.5 202 0.117
142 180.5 0.134
152.5 160.5 0.15
164 142 0.167
176.5 125.5 0.183
187.5 111 0.2
194 102 0.217
198 96.5 0.234
199.5 94.5 0.25
200.5 94.5 0.267
200.5 101.5 0.3
196 120.5 0.317
191.5 145 0.334
188.5 173 0.35
186.5 200.5 0.367
183.5 227.5 0.384
178.5 259 0.4
173.5 290 0.417
169.5 320 0.434
166.5 343 0.45
164 361.5 0.467
163 376 0.484
162 388.5 0.5
162 398 0.517
162 407.5 0.534
162 414.5 0.55
162 422 0.567
1 1 1 32
108 269.5 0
113 263.5 0.033
124 248.5 0.05
142 224.5 0.067
153 205 0.083
163.5 182.5 0.1
171.5 160 0.117
180 139 0.133
186.5 122 0.15
191.5 109 0.167
195.5 99.5 0.183
197.5 92 0.2
198.5 88 0.217
199 86.5 0.233
199 92 0.267
193 110.5 0.283
189.5 127 0.3
185.5 152 0.317
183 178 0.333
181 204.5 0.35
179 232.5 0.367
176.5 261 0.383
174 288 0.4
171 312 0.417
168 333.5 0.433
165 355 0.45
164 370.5 0.467
163.5 382 0.483
163.5 391.5 0.5
163.5 400.5 0.517
163.5 409 0.533
163.5 419.5 0.55
1 1 1 35
116.5 289 0
120.5 283.5 0.05
131.5 267.5 0.067
145.5 248 0.083
157 227.5 0.1
167.5 207 0.117
180 182.5 0.133
188.5 165 0.15
197.5 147 0.167
204.5 133.5 0.183
211 120.5 0.2
215 110 0.217
216.5 101.5 0.233
217 95.5 0.25
217 91.5 0.267
217 90.5 0.284
215 91.5 0.317
212 105 0.334
210 122 0.35
209 141 0.367
207 166 0.384
204.5 190 0.4
202 216 0.417
199 244 0.433
196.5 271 0.45
194 297 0.467
191.5 319.5 0.484
189.5 336.5 0.5
187.5 355 0.517
185 370.5 0.534
183 382 0.55
181.5 394.5 0.567
180 405.5 0.583
180 416.5 0.6
180 425.5 0.617
1 1 1 36
106 271.5 0
115.5 260.5 0.033
122.5 247.5 0.05
135 228 0.067
147.5 207.5 0.083
161.5 184.5 0.1
176.5 164.5 0.117
190 143.5 0.133
200 126.5 0.15
209 110 0.167
214 98 0.183
216.5 89.5 0.2
218 84.5 0.217
218.5 82.5 0.233
219 81.5 0.25
219 84 0.283
216 99 0.3
211.5 120.5 0.317
207.5 143.5 0.333
204.5 169 0.35
202.5 194.5 0.367
199.5 226.5 0.383
196.5 259.5 0.4
193.5 286.5 0.417
191 313.5 0.433
188.5 337 0.45
186.5 359 0.467
184 376 0.483
181 392 0.5
178.5 403 0.517
177.5 411.5 0.533
176.5 419.5 0.55
176 425.5 0.567
176 431.5 0.583
176 437.5 0.6
177.5 445.5 0.617
1 1 1 34
87.5 297.5 0
101 279 0.067
121.5 255 0.083
140 229.5 0.1
155.5 204.5 0.117
167.5 182 0.134
178 165.5 0.15
186.5 149 0.167
195 134 0.183
203 120.5 0.2
209.5 108.5 0.217
213.5 98.5 0.234
215.5 91.5 0.251
216 88 0.267
216.5 86 0.284
216.5 88.5 0.317
212 106.5 0.334
207 128 0.35
201 152.5 0.367
196.5 177.5 0.384
191.5 202.5 0.4
188 229 0.417
185.5 258.5 0.434
183 288.5 0.45
181 316.5 0.467
180 339 0.484
179.5 354 0.5
178.5 366.5 0.517
178 377 0.534
177 386.5 0.55
176.5 394.5 0.567
176 400.5 0.584
176 405.5 0.6
176 412 0.617
1 1 1 36
82.5 287.5 0
86 283 0.033
92.5 275.5 0.05
105.5 261 0.067
120 245 0.083
134 221.5 0.1
146 195.5 0.117
155.5 169.5 0.133
164.5 144.5 0.15
173.5 121 0.167
181.5 100.5 0.183
188.5 81.5 0.2
192 69 0.217
194.5 61.5 0.233
195.5 58 0.25
196 58 0.267
196 67.5 0.3
194.5 88 0.317
190 111.5 0.333
184.5 139 0.35
179 173 0.367
172.5 204 0.383
167.5 236 0.4
163.5 265.5 0.417
160.5 290.5 0.433
158.5 316 0.45
157.5 338.5 0.467
156.5 355.5 0.483
155.5 369 0.5
155.5 381.5 0.517
155.5 392.5 0.533
155.5 402.5 0.55
155.5 411.5 0.567
155.5 418.5 0.583
155.5 423.5 0.6
155.5 427.5 0.617
1 1 1 27
113.5 269 0
119.5 259.5 0.067
137.5 242 0.083
161.5 219 0.1
183.5 197 0.117
200.5 176.5 0.133
213.5 159 0.15
224 140.5 0.167
231 128 0.183
235.5 120.5 0.2
237.5 116.5 0.217
238.5 116 0.234
236 123.5 0.267
228 138 0.283
220.5 155 0.3
212.5 177 0.317
204.5 201 0.333
198.5 227 0.35
194 254.5 0.367
190 281 0.383
186.5 304.5 0.4
184.5 326 0.417
183 340.5 0.433
182 351 0.45
181 357.5 0.467
179.5 362.5 0.483
178.5 368 0.5
2 1 1 48
87 136.5 0
91.5 133.5 0.067
101.5 132 0.083
117 127.5 0.1
133 124 0.116
145.5 122.5 0.133
158 122 0.15
171 122 0.166
187 122 0.183
206 128.5 0.2
219 136.5 0.216
229 146.5 0.233
235 154 0.25
239.5 162 0.266
241.5 170 0.283
242 179 0.3
242 188.5 0.316
240.5 198 0.333
235.5 206.5 0.35
229 214.5 0.366
217.5 228 0.383
205.5 243 0.4
193.5 259.5 0.416
181 275.5 0.433
169 290 0.45
160.5 300.5 0.466
151 310.5 0.483
140 324 0.5
130 339.5 0.516
120.5 358 0.533
113.5 371.5 0.55
108.5 381.5 0.566
106 389 0.583
105 394.5 0.6
105 400.5 0.616
107 404.5 0.633
118.5 409.5 0.65
132 413 0.666
150.5 415.5 0.683
169.5 416.5 0.7
188 417 0.716
204.5 417 0.733
219.5 417 0.75
231.5 416 0.766
243 414 0.783
252.5 413.5 0.8
259 413.5 0.817
263.5 413.5 0.833
2 1 1 51
109 214 0
108.5 205.5 0.067
112 196.5 0.084
117.5 185.5 0.101
123.5 175 0.117
130 167.5 0.134
140 160 0.15
149.5 155.5 0.167
160.5 152.5 0.184
171.5 152 0.2
183.5 152 0.217
195.5 155 0.234
205 163.5 0.25
213.5 173.5 0.267
219.5 185 0.284
223 194.5 0.3
225.5 207 0.317
226 219.5 0.334
226 235.5 0.35
220.5 253 0.367
212.5 269.5 0.384
204.5 282 0.4
193.5 297.5 0.417
182 311.5 0.434
170 325.5 0.45
158.5 339.5 0.467
147.5 353.5 0.484
139.5 364 0.5
133.5 373 0.517
129 380.5 0.534
126.5 385 0.55
125.5 389 0.567
125.5 391.5 0.584
125.5 393.5 0.6
130 395.5 0.617
136.5 397 0.634
145 398.5 0.65
157 400 0.667
169.5 401 0.684
183 401.5 0.7
197.5 402 0.717
212 402.5 0.734
226.5 403 0.75
239.5 404 0.767
252 404 0.784
262.5 404 0.8
271 404 0.817
278 402 0.834
281.5 399.5 0.85
284 395 0.867
285 389.5 0.884
2 1 1 49
95 186.5 0
88 180.5 0.067
88 177 0.083
89 170.5 0.1
97 159.5 0.117
110 144.5 0.134
126 130 0.15
142 117 0.167
155.5 111 0.183
167.5 109 0.2
180.5 109 0.217
192 113.5 0.234
202.5 126.5 0.25
210.5 142.5 0.267
216.5 162 0.283
219.5 178.5 0.3
220.5 196 0.317
220.5 212.5 0.334
217 227.5 0.35
209 245.5 0.367
198.5 261 0.383
187.5 276.5 0.4
176 290 0.417
163.5 303 0.433
151 316.5 0.45
137.5 330.5 0.467
127 344.5 0.483
119.5 356.5 0.5
114.5 365 0.517
110.5 372 0.533
109 378 0.55
109 383 0.567
109 385.5 0.583
109.5 387 0.6
115.5 388.5 0.617
123.5 389 0.633
136.5 389 0.65
151 389 0.667
164.5 389 0.683
178.5 389 0.7
191 389 0.717
205 389 0.734
219.5 389 0.75
232 388 0.767
242.5 384.5 0.783
249.5 382.5 0.8
256 381.5 0.817
262 381.5 0.834
266.5 381.5 0.85
2 1 1 45
78 202.5 0
73 194 0.05
73 188 0.067
73 180 0.083
77 167.5 0.1
83.5 152.5 0.117
93 136.5 0.133
105.5 125 0.15
118 118.5 0.167
133.5 113.5 0.183
150.5 113.5 0.2
171.5 116.5 0.217
193.5 132.5 0.233
209 151 0.25
218.5 167.5 0.267
224.5 187 0.283
225.5 202 0.3
225.5 219 0.317
220 237 0.333
210 252.5 0.35
196 269 0.367
180 286.5 0.383
163.5 303 0.4
147.5 319 0.417
132.5 333 0.433
120.5 345.5 0.45
112.5 355 0.467
105.5 362 0.483
103 367.5 0.5
102.5 372 0.517
102.5 376 0.533
105.5 379.5 0.55
116 382 0.567
128 384 0.583
146 385.5 0.6
162 386.5 0.617
178.5 388 0.633
191 388 0.65
207.5 388 0.667
220 388 0.683
235 386 0.7
247.5 386 0.716
262 386 0.733
272 389 0.75
279 392.5 0.766
2 1 1 43
96 204 0
91 198 0.033
88.5 192.5 0.05
87 185 0.067
86.5 174 0.083
86.5 158.5 0.1
88.5 142 0.117
94.5 127.5 0.134
104.5 112.5 0.15
115.5 103.5 0.167
128.5 97 0.183
145 95 0.2
161.5 95 0.217
178 104 0.233
190.5 115.5 0.25
199.5 131 0.267
204.5 143.5 0.284
207.5 159.5 0.3
207.5 177 0.317
206 197.5 0.334
200.5 219 0.35
192.5 241.5 0.367
184 262 0.384
175 282 0.4
163 300 0.417
149.5 319 0.434
135.5 338.5 0.45
122 358 0.467
112 373.5 0.484
106 384.5 0.5
103.5 393.5 0.517
103.5 399.5 0.533
103.5 403.5 0.55
109.5 406 0.567
127 406.5 0.583
145.5 406.5 0.6
166.5 406.5 0.617
188 406.5 0.634
208.5 407 0.65
227.5 407.5 0.667
245 407.5 0.684
256.5 407.5 0.7
267.5 406 0.717
2 1 1 44
109 203.5 0
104 197.5 0.033
103 191.5 0.05
103 184 0.067
103 174 0.083
104 159 0.1
109 144.5 0.117
118.5 129 0.133
128 119 0.15
140.5 111 0.167
156.5 106.5 0.183
173.5 106.5 0.2
194 109 0.217
210.5 120.5 0.233
224.5 134.5 0.25
234 150 0.267
239.5 168.5 0.283
241 185 0.3
241.5 202.5 0.317
241.5 220 0.333
236.5 239.5 0.35
227.5 256 0.367
215 271.5 0.383
199.5 287.5 0.4
184 303.5 0.417
168 320 0.433
154.5 336 0.45
142.5 351 0.467
134.5 363 0.483
128.5 374 0.5
125.5 382 0.517
124.5 388.5 0.533
124.5 393 0.55
126 396.5 0.567
136.5 398 0.583
153 398 0.6
170.5 398 0.617
189.5 398 0.633
209 399 0.65
227.5 400.5 0.667
244.5 401 0.683
256.5 401.5 0.7
268 401.5 0.717
275.5 401.5 0.733
2 1 1 41
109.5 208.5 0
106 202.5 0.017
104.5 192.5 0.033
103.5 181 0.05
103.5 168.5 0.067
104 153 0.083
110.5 139 0.1
119.5 128.5 0.117
130 120.5 0.133
143.5 115.5 0.15
159.5 114.5 0.167
176 114.5 0.183
195.5 122.5 0.2
210.5 134.5 0.217
221.5 148.5 0.233
228 166 0.25
231.5 182.5 0.267
231.5 199.5 0.283
228 218.5 0.3
219 234.5 0.317
208 250.5 0.333
193.5 267.5 0.35
178 289.5 0.367
164 311.5 0.383
150.5 332.5 0.4
140 350 0.417
130.5 365 0.433
124 376.5 0.45
121 386 0.467
121 394 0.483
121.5 400 0.5
130.5 404 0.517
143.5 405 0.533
161 405 0.55
178.5 405 0.567
197 405 0.583
215 404.5 0.6
231 403.5 0.617
243 402.5 0.633
255 402.5 0.65
265 402 0.667
2 1 1 45
94 191 0
88.5 177.5 0.033
88.5 167.5 0.05
88.5 155.5 0.067
97 139 0.084
108.5 125 0.1
124 112.5 0.117
140.5 105.5 0.134
154 102 0.15
168 102 0.167
181.5 103 0.183
193 111 0.2
205 128 0.217
213 147.5 0.233
219 168 0.25
222 188.5 0.267
222.5 204 0.283
222.5 224 0.3
215.5 243 0.317
204.5 261.5 0.333
191 280.5 0.35
177 298.5 0.367
163.5 315 0.383
150.5 330.5 0.4
138 343.5 0.417
128 356.5 0.434
120.5 366 0.45
115 373.5 0.467
112.5 379.5 0.484
112.5 383.5 0.5
112.5 387 0.517
114.5 390 0.534
122 391.5 0.55
135.5 394 0.567
153 395.5 0.583
176.5 399 0.6
198 401.5 0.617
215.5 402 0.634
233.5 402 0.65
249 402 0.667
262.5 400 0.684
271.5 397.5 0.7
277 395.5 0.717
279.5 393 0.734
279.5 388 0.75
2 1 1 41
89 177 0
89.5 168.5 0.05
93 159 0.066
106.5 140.5 0.083
121 125 0.1
135.5 113 0.117
149.5 107.5 0.133
162 105.5 0.15
180 105.5 0.167
198 112.5 0.183
214.5 127 0.2
228 144 0.217
237 164 0.233
241.5 184 0.25
242 201 0.267
241 222.5 0.283
232.5 243.5 0.3
221.5 264.5 0.317
208.5 285 0.333
189.5 307 0.35
170.5 327.5 0.367
153.5 346.5 0.383
139 361.5 0.4
127.5 374.5 0.416
121 382.5 0.433
117 389 0.45
115 393 0.467
115 396.5 0.483
115 400 0.5
118.5 402.5 0.517
128.5 405 0.533
145.5 406.5 0.55
164.5 406.5 0.567
186.5 406.5 0.583
212 407 0.6
231.5 407 0.617
250.5 407 0.633
263.5 407 0.65
274 407 0.667
281 407 0.683
286.5 407 0.7
2 1 1 52
76.5 166.5 0
76 160.5 0.033
76 153.5 0.05
80.5 146.5 0.067
88 136.5 0.083
98 127.5 0.1
114 117 0.117
129 109 0.133
141.5 106 0.15
152 105.5 0.167
162 105.5 0.183
172.5 110.5 0.2
182 118.5 0.217
188 126 0.233
194.5 138 0.25
198.5 150.5 0.267
202 164 0.283
203 175.5 0.3
203 188 0.317
201.5 204 0.333
194.5 221 0.35
187.5 240 0.367
178.5 258 0.383
168.5 275.5 0.4
158.5 291.5 0.417
148 306 0.433
136.5 320.5 0.45
126 335 0.467
115.5 351 0.483
106.5 366 0.5
100.5 376.5 0.517
96 384.5 0.534
94 390 0.55
93.5 393.5 0.567
93.5 397 0.583
97 400.5 0.6
105 405 0.617
119 410 0.633
134 412.5 0.65
151 414.5 0.667
169.5 415.5 0.684
188 416.5 0.7
201 416.5 0.717
214 416.5 0.734
223.5 412.5 0.75
229.5 408 0.767
234 402 0.783
236.5 395 0.8
237 386 0.817
237 376.5 0.833
237 370.5 0.85
237 368 0.867
3 1 1 44
87 137 0
101 131.5 0.067
122 125.5 0.083
145.5 120.5 0.1
163.5 117.5 0.117
182.5 117 0.133
197.5 117 0.15
210.5 120 0.167
220.5 127 0.183
225 141 0.2
225 161.5 0.217
212.5 186.5 0.233
193 209 0.25
169.5 231 0.267
148 250.5 0.283
131.5 264 0.3
120.5 273 0.317
113 278 0.333
109.5 279.5 0.35
108.5 280 0.367
123.5 270 0.4
147.5 257 0.417
166 252.5 0.433
184.5 250.5 0.45
207 250.5 0.467
226 253.5 0.484
243 263 0.5
254 278.5 0.517
260 292.5 0.533
262.5 309.5 0.55
262.5 324 0.567
256 336 0.583
244.5 345 0.6
225.5 353.5 0.617
205.5 362 0.633
179.5 372.5 0.65
155.5 379 0.667
131 381.5 0.683
107.5 381.5 0.7
88.5 375 0.717
72 365.5 0.734
64 360 0.75
60.5 358 0.767
59.5 357.5 0.784
3 1 1 44
133.5 109 0
141.5 107 0.067
157 107 0.083
173.5 106.5 0.1
184.5 106 0.117
196 106 0.133
207 107 0.15
216.5 114.5 0.167
223.5 124.5 0.183
227 137.5 0.2
227 151.5 0.217
220 169 0.234
205 185.5 0.25
188.5 203 0.268
169.5 221.5 0.284
157.5 236.5 0.3
148 246 0.317
142 250.5 0.334
139.5 252 0.35
138.5 252 0.367
141 250.5 0.384
158.5 241 0.4
178 235 0.417
195 234.5 0.434
214 234.5 0.45
233 243 0.467
248.5 255.5 0.484
261.5 273.5 0.5
271 292 0.517
276 312.5 0.534
277 329.5 0.55
277 347 0.567
266.5 364 0.584
252.5 375 0.6
233.5 385.5 0.617
212.5 396 0.634
188.5 402.5 0.651
166 403.5 0.667
144.5 402 0.684
124.5 391.5 0.7
108 378.5 0.717
98.5 370 0.734
94.5 366.5 0.75
94 366 0.767
3 1 1 46
129.5 129 0
145 124.5 0.083
164.5 120 0.1
179 118.5 0.117
191 118.5 0.133
203.5 118.5 0.15
213 120.5 0.167
218.5 125 0.183
222 132 0.2
222.5 142.5 0.217
221 155.5 0.234
209 172.5 0.25
195 187 0.267
180.5 201 0.284
166.5 212 0.3
157.5 219.5 0.317
151.5 224 0.333
148.5 226 0.35
148 226.5 0.367
148 227 0.383
153.5 227 0.4
165.5 227 0.417
179.5 227 0.434
195.5 228 0.45
210 233.5 0.467
224 241.5 0.483
240 253.5 0.5
251 269 0.517
257.5 283.5 0.533
261 300.5 0.55
261 315.5 0.567
259 333.5 0.583
253 346 0.6
243.5 358 0.617
226.5 368.5 0.633
212 374 0.65
189.5 379 0.667
168.5 383 0.683
146.5 384.5 0.7
128 385 0.717
106.5 385 0.734
92.5 379.5 0.75
78.5 373 0.767
69.5 368 0.784
65 365.5 0.8
63 364.5 0.817
3 1 1 45
133.5 113.5 0
142.5 110 0.05
155.5 107.5 0.067
171.5 106 0.084
186 106 0.1
204 106 0.117
218.5 106.5 0.134
229 110 0.15
235.5 113.5 0.167
240 117.5 0.184
241.5 125 0.2
240 137 0.217
228 154.5 0.234
209 176.5 0.25
189.5 195.5 0.267
173.5 209 0.284
163.5 217.5 0.3
157.5 222.5 0.317
154.5 225 0.334
153.5 226 0.35
154.5 226 0.384
164.5 226 0.4
176 226.5 0.417
190.5 230 0.434
203.5 236 0.45
219.5 245.5 0.467
233.5 256.5 0.483
244.5 269.5 0.5
251 281 0.517
255 291 0.533
257 299 0.55
257 309 0.567
249.5 324.5 0.584
236.5 340.5 0.6
218 360.5 0.617
200.5 373 0.634
179.5 383.5 0.65
158 389.5 0.667
139.5 390.5 0.684
121.5 390.5 0.7
104.5 389 0.717
93.5 385.5 0.734
85.5 383.5 0.75
81.5 382 0.767
80 379.5 0.784
3 1 1 49
146.5 120.5 0
152 116 0.05
159 115 0.067
167 114 0.083
177 113.5 0.1
190 113.5 0.117
204 113.5 0.133
217.5 114.5 0.15
226.5 117 0.167
232 120.5 0.183
235 123.5 0.2
237 128 0.217
237 136.5 0.233
228.5 152.5 0.25
215 169 0.266
200 185 0.283
188 198 0.3
181 206 0.316
178 210.5 0.333
177 212.5 0.35
177 213 0.367
177.5 213.5 0.383
188 213.5 0.4
203.5 213.5 0.417
220 213.5 0.433
234 214 0.45
246 219 0.467
255.5 227 0.483
262.5 237 0.5
266.5 245 0.516
268.5 253 0.533
268.5 264.5 0.55
267.5 277.5 0.567
260 293.5 0.583
251 310 0.6
241 327.5 0.617
227.5 344.5 0.633
209.5 363 0.65
192 374 0.667
171.5 382.5 0.683
150.5 386 0.7
132.5 386 0.717
111.5 384 0.733
97.5 378 0.75
87 373 0.767
80 368.5 0.783
75 365.5 0.8
73.5 362.5 0.817
73.5 359.5 0.833
3 1 1 42
164.5 102.5 0
179.5 98 0.066
196 97.5 0.083
215.5 97.5 0.1
231.5 97.5 0.116
245.5 99.5 0.133
254 105 0.15
261.5 115.5 0.166
264 129 0.183
264 144.5 0.2
255.5 163 0.216
241.5 177.5 0.233
219.5 194.5 0.25
202 207.5 0.266
185.5 219 0.283
175.5 225.5 0.3
169.5 228.5 0.316
167.5 229 0.333
174 226 0.366
192 219 0.383
213 214.5 0.4
234 214.5 0.416
251 218 0.433
266.5 228 0.45
278.5 241 0.466
288 255.5 0.483
295 274 0.5
297 288 0.516
295.5 306.5 0.533
285 319.5 0.55
269 331 0.566
250 341.5 0.583
228.5 353 0.6
208 361 0.616
185 364.5 0.633
162.5 364.5 0.65
139.5 363 0.667
120.5 356.5 0.683
106.5 351 0.7
97.5 345.5 0.717
93 343 0.733
91.5 343 0.75
3 1 1 42
161 112.5 0
168 110.5 0.067
183.5 110 0.084
200.5 109.5 0.1
212.5 109.5 0.117
224 109.5 0.134
232.5 112 0.15
236.5 117.5 0.167
239 128 0.184
239 141.5 0.2
232 157 0.217
219 172.5 0.234
202.5 187 0.25
187.5 200 0.267
176.5 209.5 0.284
168.5 216 0.3
164.5 219 0.317
162.5 220.5 0.334
162 220.5 0.351
175 218 0.384
189 217 0.4
204.5 217 0.417
219.5 222.5 0.434
235 237.5 0.45
247 254.5 0.467
255 275.5 0.484
259 291 0.5
259.5 308 0.517
259.5 322.5 0.534
253.5 335.5 0.55
241.5 348.5 0.567
225 360 0.584
207.5 368 0.601
185.5 374 0.617
163 377 0.634
142.5 377.5 0.65
118.5 377.5 0.667
99 375.5 0.684
84 372.5 0.7
73 368.5 0.717
67 365.5 0.734
65 362 0.75
3 1 1 41
137 132 0
151.5 130 0.067
168 130 0.083
187 130 0.1
204 130.5 0.117
219 134.5 0.133
229.5 141 0.15
237 149.5 0.167
240.5 159.5 0.183
240.5 174 0.2
227.5 191 0.217
210.5 207 0.233
191 221 0.25
175.5 231.5 0.267
165.5 238.5 0.283
160 242.5 0.3
157.5 244 0.317
156.5 244.5 0.333
156.5 245 0.35
157.5 245 0.367
168 245 0.383
184 245 0.4
205.5 249 0.417
231 265.5 0.433
250 285 0.45
261.5 303 0.467
268.5 322 0.484
271 337 0.5
271 352 0.517
261 367 0.533
246 379.5 0.55
222.5 393.5 0.567
202 402.5 0.583
178.5 409 0.6
156 411 0.617
135 411 0.633
116.5 406 0.65
100.5 397.5 0.667
92 391 0.683
87 386 0.7
84.5 383 0.717
3 1 1 48
153.5 111.5 0
159 108 0.033
171 106 0.05
188.5 103.5 0.067
205 103 0.083
217.5 103 0.1
229 103.5 0.117
237 107.5 0.134
241.5 113 0.15
243.5 119.5 0.167
243.5 128 0.183
241 138.5 0.2
229 151.5 0.217
213 165.5 0.233
196.5 179.5 0.25
182 192 0.267
172 201 0.283
166.5 206 0.3
164 207.5 0.317
163 208 0.333
165 207 0.367
177.5 203 0.383
193 201.5 0.4
210.5 201.5 0.417
226.5 203.5 0.433
240 210 0.45
249 216 0.467
256 224 0.483
260.5 234.5 0.5
263.5 248 0.517
264 262 0.533
264 273.5 0.55
262 286.5 0.567
254.5 299 0.583
242.5 314.5 0.6
229 330.5 0.617
212 350 0.634
192 366.5 0.65
173 376.5 0.667
151 381.5 0.683
128.5 381.5 0.7
106.5 380.5 0.717
87.5 375 0.733
73.5 370 0.75
64.5 366 0.767
59.5 363.5 0.783
57 361.5 0.8
56 359.5 0.817
3 1 1 44
160 143 0
164 140.5 0.083
177 138.5 0.1
191 136 0.117
208 134.5 0.133
224 134.5 0.15
238.5 136.5 0.167
249 144.5 0.183
253 151.5 0.2
253.5 161.5 0.217
250 174.5 0.233
236 189 0.25
219.5 203 0.267
202 217 0.283
185.5 229.5 0.3
172 238 0.317
164 242 0.333
160 243.5 0.35
158 244 0.367
160.5 244 0.4
172.5 243 0.417
188 243 0.434
204 243 0.45
224 250.5 0.467
240.5 263.5 0.483
253.5 280 0.5
263.5 298 0.517
268.5 314.5 0.533
271.5 332.5 0.55
271.5 350 0.567
265.5 367 0.583
253 379.5 0.6
236.5 391.5 0.617
218 400.5 0.633
196.5 407 0.65
174 410 0.667
151.5 410 0.683
129.5 408 0.7
109.5 401.5 0.717
95.5 395.5 0.733
82 387 0.75
74 382 0.767
69.5 378.5 0.783
69 376 0.8
4 2 2 39
196 101.5 0
193.5 114 0.067
185 134.5 0.083
172.5 162.5 0.099
161.5 188 0.116
148.5 215.5 0.133
134.5 248 0.15
122.5 278 0.166
114.5 298.5 0.183
108.5 313.5 0.2
105 324 0.216
104.5 329.5 0.233
104.5 333 0.249
112 334.5 0.266
126 336.5 0.283
145.5 338 0.3
167 339 0.316
188.5 339 0.333
208 339 0.349
221.5 339 0.366
232 339 0.383
240 339 0.4
245 338.5 0.416
247 338.5 0.433
247.5 338.5 0.45
221.5 251 0.683
220 264 0.716
219 283 0.733
216 305.5 0.75
213.5 330.5 0.766
212.5 354 0.783
211.5 371 0.8
210 388.5 0.816
208.5 400.5 0.833
206 412 0.85
204 422 0.866
203.5 429 0.883
203 434 0.9
203 437.5 0.916
4 2 2 36
185.5 114.5 0
182.5 127 0.067
173.5 153 0.083
165 180.5 0.1
154.5 207.5 0.116
142 236.5 0.133
130 267.5 0.15
119.5 294 0.167
114 312.5 0.183
110 328.5 0.2
109.5 339 0.217
109.5 344.5 0.233
112.5 347.5 0.25
123 348 0.267
135.5 348.5 0.283
155.5 348.5 0.3
176 348.5 0.317
195.5 348.5 0.333
210.5 348.5 0.35
224 348.5 0.367
232 348.5 0.383
237.5 348.5 0.4
239 254.5 0.583
239.5 269 0.633
239.5 289.5 0.65
239 316 0.667
237 343 0.683
235 365 0.7
233.5 381.5 0.717
233 396 0.733
232.5 410.5 0.75
232.5 422.5 0.767
232 431.5 0.783
232 436.5 0.8
232 439.5 0.817
232 443 0.833
4 2 2 33
140 95 0
139 121 0.067
133 155 0.083
125 189 0.1
118.5 212.5 0.117
112 235.5 0.133
106 256 0.15
102.5 270.5 0.167
102 281 0.183
102 288 0.2
105.5 293.5 0.217
115.5 295.5 0.233
127 297 0.25
144 298.5 0.267
157 300 0.283
170 301 0.3
180 302 0.317
186.5 303 0.333
192.5 304 0.35
198.5 305.5 0.367
200.5 209 0.517
201 229.5 0.583
201 254.5 0.6
201.5 280 0.617
201.5 300 0.633
201.5 321 0.65
202 338.5 0.666
202.5 354.5 0.683
203.5 366.5 0.7
205 377 0.716
208 385 0.733
210 392.5 0.75
211.5 401 0.766
4 2 2 35
149.5 93.5 0
147.5 111.5 0.083
142 137.5 0.1
137 166 0.117
131.5 192.5 0.134
125 218.5 0.15
118.5 245 0.167
114.5 265.5 0.183
112 279 0.2
111.5 287.5 0.217
111.5 292.5 0.234
111.5 296.5 0.25
118 298.5 0.267
128 300.5 0.284
142 302.5 0.3
155 304 0.317
172.5 306 0.334
190 308 0.35
205.5 311.5 0.367
218 314 0.384
226 315 0.4
230.5 315.5 0.417
209 210 0.583
210.5 225.5 0.633
210.5 246 0.65
210.5 272 0.667
211 298.5 0.683
211.5 318.5 0.7
211.5 337 0.717
211.5 352.5 0.734
211.5 364.5 0.75
210 375.5 0.767
209 384 0.784
209 391.5 0.8
209 396 0.817
4 2 2 36
135.5 90 0
136 97 0.033
134.5 117.5 0.05
128.5 151 0.067
120.5 186.5 0.084
109.5 222.5 0.1
97.5 259.5 0.117
86.5 290 0.134
80.5 307.5 0.15
76 320.5 0.167
74.5 327.5 0.184
74.5 332.5 0.2
74.5 336 0.217
82.5 336.5 0.234
95.5 339 0.25
111.5 340.5 0.267
129 342 0.284
148.5 344 0.3
170.5 346.5 0.317
187.5 350 0.334
201 351.5 0.35
211.5 353 0.367
220.5 355 0.383
224.5 259 0.567
224.5 277.5 0.617
224.5 302 0.634
224 326.5 0.65
223.5 344.5 0.667
223 364 0.684
223 381.5 0.7
222.5 399.5 0.717
222.5 415.5 0.734
222.5 427 0.75
222.5 434.5 0.767
222.5 441 0.784
222.5 450 0.8
4 2 2 39
159.5 91.5 0
157.5 106 0.067
153 129.5 0.084
145 159.5 0.1
136.5 185 0.117
126 211.5 0.134
115 238.5 0.15
107.5 258.5 0.167
102.5 273 0.184
99.5 283 0.2
98.5 289.5 0.217
98.5 294 0.233
99.5 297 0.25
108 299.5 0.267
119 302.5 0.284
133 305.5 0.3
146 307.5 0.317
162 309.5 0.333
173.5 311.5 0.35
182.5 312 0.367
188 312.5 0.384
193 313 0.4
197.5 314.5 0.417
213 210.5 0.583
213 228.5 0.65
213 251.5 0.667
212.5 275 0.684
211.5 292.5 0.7
210.5 311.5 0.717
210 328.5 0.734
210 342.5 0.75
209.5 357 0.767
209.5 366.5 0.784
209 373 0.8
209 378.5 0.817
209 382 0.834
209 384.5 0.85
209 388.5 0.867
209.5 395.5 0.884
4 2 2 41
158.5 93 0
157 104.5 0.05
152 124 0.067
143.5 156 0.083
133.5 190 0.1
122.5 221.5 0.117
112.5 251.5 0.133
104.5 273.5 0.15
98.5 294 0.167
95 310 0.183
93 323.5 0.2
93 331.5 0.217
93 336 0.233
94.5 339 0.25
104.5 339.5 0.267
117.5 339.5 0.283
134 339.5 0.3
150.5 339.5 0.317
166 340.5 0.333
178.5 342.5 0.35
190 344.5 0.367
196.5 346.5 0.384
200 347 0.4
202 347.5 0.417
202 348.5 0.433
212.5 217 0.633
212 238 0.7
212 264.5 0.716
211.5 294 0.733
211.5 320 0.75
211 342.5 0.767
210 364 0.783
209 382 0.8
208.5 401.5 0.817
208.5 415 0.833
208.5 424 0.85
208.5 431 0.867
208.5 435.5 0.883
208.5 437 0.9
208.5 437.5 0.917
209 438 0.933
4 2 2 38
173.5 123 0
170.5 128.5 0.033
165 141 0.05
155.5 159.5 0.067
143.5 187 0.083
130 215.5 0.1
118 246.5 0.117
107.5 274.5 0.133
100 291.5 0.15
94.5 304 0.167
92 314.5 0.183
92 322.5 0.2
93.5 328 0.217
104.5 332 0.233
116.5 333.5 0.25
130 335 0.267
144.5 335 0.283
157 335 0.3
169 335.5 0.317
181.5 336.5 0.333
192.5 339 0.35
198.5 341 0.367
224.5 219 0.567
222.5 231 0.6
221 246 0.617
217 267.5 0.633
213.5 291.5 0.65
212 316 0.667
211 340.5 0.683
211 364 0.7
210.5 379.5 0.717
210 395.5 0.734
209.5 406.5 0.75
209.5 414 0.767
209 419.5 0.783
209 423.5 0.8
208.5 427.5 0.817
207 434 0.833
4 2 2 36
178 116 0
173.5 134 0.05
162.5 166 0.067
151 199.5 0.084
139 235 0.1
126 266.5 0.117
114.5 293.5 0.134
107.5 311.5 0.15
104.5 322.5 0.167
104 330.5 0.184
104 336 0.2
106.5 340 0.217
116 342 0.234
127.5 345 0.25
140.5 347 0.267
157.5 349.5 0.284
174 351 0.3
191 352 0.317
204 353.5 0.334
214.5 354 0.35
221 354 0.367
225.5 354 0.384
224.5 212 0.55
226.5 234.5 0.617
226.5 258.5 0.633
226.5 282 0.65
226.5 300.5 0.667
225 324.5 0.684
223.5 342.5 0.7
222.5 363.5 0.717
222.5 382.5 0.734
222.5 397 0.75
222.5 409.5 0.767
222.5 418 0.784
223 425 0.8
223.5 432 0.817
4 2 2 39
176 121.5 0
172 136 0.05
161 164.5 0.067
148.5 197 0.083
137.5 224 0.1
130 244 0.117
122 263.5 0.133
115 280.5 0.15
111.5 294.5 0.167
110 304 0.184
110 309.5 0.2
110 313 0.217
117 314 0.234
129 314 0.25
146 314 0.267
163 315 0.284
180 317.5 0.3
195 320 0.317
205 322 0.334
212 324 0.35
216.5 326 0.367
219.5 327.5 0.384
221 327.5 0.4
212.5 208 0.533
213.5 218 0.6
213.5 240 0.617
213.5 264.5 0.634
213 288 0.65
212 306 0.667
211.5 325.5 0.684
211.5 344 0.7
211.5 360.5 0.717
211.5 372 0.734
211.5 381.5 0.75
211.5 389 0.767
212 394 0.784
212 396.5 0.8
212 397 0.817
213 398 0.834
5 2 2 44
88 117 0
87.5 127 0.05
86.5 146.5 0.067
83 175 0.083
81.5 201.5 0.1
81.5 217.5 0.116
81.5 227.5 0.133
81.5 233 0.15
83 236 0.167
91.5 236 0.183
110 230.5 0.2
132 230.5 0.217
154.5 233 0.233
175 243.5 0.25
196.5 260 0.267
213.5 281.5 0.283
228 303 0.3
235.5 319 0.317
237.5 335.5 0.333
237.5 351 0.35
225 366 0.366
213.5 374.5 0.383
194.5 382.5 0.4
177 388 0.417
157.5 391.5 0.433
139.5 392.5 0.45
121.5 392.5 0.467
105.5 392 0.483
95 388 0.5
88 383.5 0.517
84 381 0.533
78.5 105.5 0.85
87 105 0.883
104.5 105 0.9
131 105 0.917
158 105.5 0.934
183 108.5 0.95
205 112 0.967
223 114.5 0.984
236.5 115.5 1
247 116 1.017
253 117 1.034
258 117.5 1.05
260 117.5 1.067
5 2 2 48
103.5 131 0
101 142.5 0.05
99 165.5 0.067
96 190 0.083
94.5 209 0.1
93 228 0.117
92 239 0.134
92 244.5 0.15
92 246.5 0.167
92 247 0.184
92.5 247 0.2
107 242.5 0.217
124 241.5 0.234
146 241.5 0.25
162.5 248 0.267
179.5 260.5 0.283
197.5 279.5 0.3
212 300.5 0.317
221 320.5 0.334
226.5 339.5 0.35
227 353.5 0.367
226.5 362.5 0.384
213.5 373.5 0.4
198.5 383 0.417
181 391.5 0.434
162.5 396 0.45
145.5 399 0.467
127.5 399 0.484
107 397 0.5
94.5 392 0.517
85 387 0.534
78 384.5 0.55
75 382.5 0.567
92.5 116.5 0.9
94.5 119.5 0.984
108 120.5 1
122.5 122.5 1.017
139 125 1.033
157 127 1.05
181 129 1.067
202.5 131 1.083
221 131.5 1.1
237.5 132.5 1.117
248 133 1.134
255 133.5 1.15
260 134 1.167
264.5 134.5 1.184
268.5 136.5 1.2
5 2 2 47
97.5 123.5 0
96 137 0.067
96 160.5 0.083
95.5 184 0.1
95 202.5 0.117
95 220 0.134
95 231.5 0.15
95 239 0.167
95 242 0.184
95 243.5 0.2
105.5 241.5 0.25
124.5 240.5 0.267
150 240.5 0.284
169.5 247.5 0.3
186.5 258 0.317
201 269.5 0.334
213 283 0.35
222 297 0.367
226.5 308 0.384
227.5 319 0.4
227.5 328 0.417
217 339.5 0.434
202.5 351.5 0.45
186 362.5 0.467
167.5 371.5 0.484
148.5 377 0.5
131 379.5 0.517
110 379.5 0.533
96.5 376.5 0.55
87 374 0.567
82 372.5 0.584
78.5 372 0.6
94.5 110 0.917
107 112 1
123 112 1.017
141 113 1.034
160 114.5 1.05
179.5 116.5 1.067
197 118.5 1.084
213.5 120.5 1.1
224.5 121 1.117
232.5 121.5 1.134
239 122 1.15
244 122.5 1.167
248 123 1.184
253 126 1.2
257 135 1.217
5 2 2 47
89.5 140.5 0
90.5 154 0.05
90.5 178 0.067
93.5 204 0.084
96.5 232 0.1
98 256 0.117
98.5 270.5 0.134
98.5 279.5 0.15
98.5 282.5 0.167
98.5 284 0.184
99 284 0.2
104.5 282.5 0.217
119.5 278 0.234
139 276.5 0.25
159.5 276.5 0.267
181.5 279.5 0.284
200 287.5 0.3
216.5 297.5 0.317
229.5 309.5 0.334
237 321.5 0.35
240.5 333 0.367
240.5 345 0.384
235 359 0.4
222 370 0.417
209 377 0.434
189.5 384 0.45
172 388 0.467
153 389.5 0.484
134.5 389.5 0.5
119.5 389.5 0.517
108.5 389.5 0.534
102 389 0.55
99 388 0.567
89.5 134.5 0.867
105.5 133.5 0.934
127.5 133.5 0.95
146 132.5 0.967
159.5 132.5 0.984
176 132.5 1
186.5 132.5 1.017
196.5 132.5 1.034
205.5 132.5 1.05
217 132.5 1.067
227.5 132.5 1.084
236 132.5 1.1
241.5 132.5 1.117
246.5 131 1.134
5 2 2 45
116 121.5 0
118 139.5 0.084
118 163 0.1
118 189.5 0.117
117.5 210 0.134
117 228 0.15
117 239 0.167
117 245 0.184
117 248 0.2
117 248.5 0.217
121 248 0.25
133 244 0.267
147.5 242.5 0.284
159.5 242.5 0.3
177 244 0.317
192 253 0.334
206 264.5 0.35
217 275 0.367
224 283 0.384
228.5 290.5 0.401
230 297 0.417
230 305 0.434
229 314 0.45
220 325 0.467
205.5 338 0.484
190 350.5 0.5
171.5 358.5 0.517
155.5 362 0.534
137.5 362.5 0.55
123 362.5 0.567
112.5 359.5 0.584
105.5 357 0.6
101.5 356.5 0.617
99.5 355 0.634
98 354 0.65
119 117 0.95
138 117 1.017
158 117 1.034
179 117 1.05
194 117 1.067
210 117 1.084
222.5 117 1.101
231 117 1.117
238.5 117 1.134
247.5 117 1.151
5 2 2 47
106 125.5 0
104.5 142.5 0.05
104.5 167 0.067
104.5 195.5 0.083
106 224 0.1
107 247.5 0.116
107 263.5 0.133
107 276 0.15
107 283 0.166
107 287 0.183
106.5 288.5 0.2
107 288.5 0.233
118.5 285.5 0.25
135.5 285 0.266
157 285 0.283
175 290.5 0.3
191 299 0.316
207 308.5 0.333
220.5 318.5 0.35
230 328.5 0.367
237 341.5 0.383
240.5 354 0.4
240.5 366 0.416
236.5 378.5 0.433
222.5 390.5 0.45
210 397 0.467
192.5 402 0.483
175.5 403.5 0.5
157 404 0.517
140 404 0.533
127.5 404 0.55
118.5 404 0.567
112.5 404 0.583
108.5 403 0.6
107.5 399.5 0.617
112.5 122.5 0.867
117.5 121 0.933
131.5 121 0.95
151.5 121 0.967
172.5 121 0.984
193.5 121 1
211.5 121 1.017
227 121 1.034
242.5 119 1.05
254.5 117 1.067
264 117 1.084
270.5 117 1.1
5 2 2 49
88.5 115.5 0
88.5 138 0.05
88.5 161.5 0.067
88 190.5 0.084
88 219.5 0.1
88 244 0.117
88 258.5 0.134
88 266 0.15
88.5 269 0.167
88.5 270 0.184
89.5 270 0.2
94.5 269 0.217
111.5 262.5 0.234
131 258 0.25
148 257 0.267
166 257 0.284
182 260.5 0.3
197.5 269.5 0.317
211 280.5 0.334
222 294 0.35
229.5 305.5 0.367
234 319.5 0.384
235 330.5 0.4
235 345 0.417
229.5 359.5 0.434
218.5 374.5 0.45
205 386.5 0.467
191 396 0.484
176 400.5 0.5
157 402.5 0.517
135.5 402.5 0.534
121.5 398.5 0.55
107.5 392.5 0.567
100.5 389 0.584
97 386.5 0.6
94.5 385 0.617
93.5 105 0.884
107.5 106 0.967
124.5 106 0.984
144 106.5 1
161.5 107.5 1.017
179 109 1.034
195 110 1.05
209 110.5 1.067
222 110.5 1.084
231.5 110.5 1.1
239.5 110.5 1.117
246 110.5 1.134
253 112.5 1.15
5 2 2 45
118.5 136 0
117.5 160 0.067
116.5 184 0.083
115 208 0.1
114.5 229.5 0.117
113.5 246 0.133
113.5 257.5 0.15
113.5 264.5 0.167
113.5 267.5 0.183
114 268.5 0.2
119.5 268.5 0.217
129 266 0.233
141.5 265 0.25
157.5 265 0.267
171.5 265.5 0.283
185 269.5 0.3
198.5 276.5 0.317
211 285 0.333
223 298 0.35
230.5 308.5 0.367
234.5 318.5 0.383
236 326 0.4
236 333 0.417
232 343.5 0.433
221.5 357 0.45
208 370 0.467
192 381.5 0.483
173.5 387 0.5
158.5 389 0.517
140 389 0.533
125 385 0.55
114 381.5 0.567
106 380 0.583
101.5 379 0.6
99 377.5 0.617
125.5 112 0.917
138.5 113 0.983
161 113 1
187 113 1.017
207.5 113 1.034
228.5 113 1.05
244 113 1.067
259 113 1.084
271 113 1.1
279 115.5 1.117
5 2 2 48
96.5 120.5 0
96.5 132.5 0.05
96.5 155 0.067
96 184.5 0.083
95.5 213 0.1
95 237 0.117
95 249.5 0.133
93 255.5 0.151
91.5 257 0.167
91.5 257.5 0.183
93 255 0.216
99.5 251.5 0.233
111.5 249.5 0.25
123.5 249.5 0.267
140 249.5 0.283
156.5 251 0.3
175 257.5 0.317
193 266.5 0.333
211 280.5 0.35
227 296 0.367
239 311.5 0.383
244 324 0.4
245 336 0.417
245 351.5 0.433
233.5 364.5 0.45
219 373 0.467
204 377 0.483
186.5 377.5 0.5
169 377.5 0.517
152.5 377.5 0.533
140 377 0.55
131 376.5 0.567
123.5 376.5 0.583
118.5 375.5 0.6
114.5 370 0.617
99.5 115.5 0.883
114 116.5 0.967
131.5 116.5 0.983
151.5 116.5 1
170 116.5 1.017
186.5 115.5 1.033
198.5 114 1.05
210 112.5 1.067
218.5 111.5 1.083
225.5 111.5 1.1
232 111.5 1.117
237.5 111.5 1.133
241.5 112 1.15
5 2 2 50
98.5 111 0
98.5 125 0.067
98.5 148 0.083
96.5 174.5 0.1
93.5 199 0.117
92 214 0.133
91 224.5 0.15
91 231.5 0.167
90.5 235 0.183
90.5 236 0.2
94.5 233.5 0.233
105 228.5 0.25
120 224.5 0.267
133 223.5 0.283
148 223.5 0.3
164 223.5 0.317
179 229 0.333
195.5 239.5 0.35
209 250.5 0.367
218 260 0.383
224.5 268 0.4
228.5 278 0.417
229 289 0.433
228 302 0.45
216.5 319.5 0.467
200.5 334.5 0.483
185 346 0.5
171.5 352 0.517
159.5 353.5 0.533
144.5 353.5 0.55
131.5 348.5 0.567
120.5 342 0.583
112 337.5 0.6
104.5 333.5 0.617
100.5 331.5 0.633
98 329.5 0.65
98.5 107.5 0.967
117.5 104.5 1.067
131 104.5 1.083
149.5 104.5 1.1
166 104.5 1.117
183.5 104.5 1.133
200.5 104 1.15
217 103 1.167
229 102.5 1.184
238.5 102.5 1.2
245 102.5 1.217
250 102.5 1.233
254 102.5 1.25
256.5 103 1.267
6 1 1 48
199 109 0
193.5 105 0.033
187.5 105 0.05
180 105 0.067
169 105 0.083
154 110 0.1
136.5 119 0.117
121 128.5 0.134
105 140.5 0.15
92.5 153.5 0.167
81.5 167.5 0.184
71.5 183 0.2
64 202.5 0.217
58.5 223.5 0.233
55.5 246 0.25
55 263.5 0.267
55 280.5 0.283
55.5 297 0.3
62 315 0.317
70 331.5 0.334
80.5 346 0.35
93 359.5 0.367
107 370 0.383
123.5 377.5 0.4
138.5 382 0.417
157 385 0.434
180 385 0.45
200.5 382 0.467
218 373 0.483
233 362 0.5
245 350 0.517
254.5 336 0.533
260 323.5 0.55
262 310.5 0.567
262 296 0.584
258.5 285.5 0.6
249.5 276.5 0.617
237 268 0.633
219 260.5 0.65
199 252.5 0.667
176.5 245.5 0.683
151.5 241.5 0.7
128.5 241 0.717
109 241 0.734
93.5 241 0.75
83 243 0.767
74 248 0.784
66 258.5 0.8
6 1 1 39
225 158.5 0
220 155 0.083
205.5 154 0.1
189 154 0.117
166 154 0.133
145.5 160.5 0.15
126.5 172 0.167
105.5 188.5 0.183
89.5 208 0.2
77 224.5 0.217
66.5 246.5 0.233
60.5 268.5 0.25
59 291.5 0.267
59 311.5 0.283
63.5 332 0.3
76.5 356 0.317
93.5 376 0.333
114.5 394 0.35
138 409 0.367
159.5 416 0.383
179 418.5 0.4
201 418.5 0.417
218 412.5 0.433
233 401.5 0.45
242.5 390 0.467
247.5 375 0.483
248 359.5 0.5
248 343.5 0.517
242 325.5 0.533
232 311.5 0.55
218.5 301.5 0.567
201.5 295 0.583
182 290 0.6
158.5 286.5 0.617
133 284.5 0.633
109 284.5 0.65
93 284.5 0.667
81.5 285 0.683
70 294 0.7
6 1 1 41
233 153.5 0
228.5 149.5 0.05
222.5 149.5 0.067
212.5 149.5 0.083
197 149.5 0.1
177 153 0.117
158 162 0.133
134.5 178.5 0.15
117 196 0.167
103 212 0.183
93 231 0.2
84.5 252 0.217
77 275 0.233
73 296.5 0.25
72 312.5 0.267
72 329 0.283
76 347 0.3
86.5 365 0.317
101 380.5 0.333
118.5 392.5 0.35
137.5 399.5 0.367
156.5 400.5 0.383
179.5 400.5 0.4
200 394.5 0.417
218 385.5 0.433
232 375 0.45
240.5 364.5 0.467
245 354 0.483
245.5 340.5 0.5
243.5 325.5 0.517
232.5 309.5 0.533
220.5 296.5 0.55
206 286 0.567
190.5 278 0.583
171.5 271 0.6
153.5 266 0.617
136.5 264 0.633
120 264 0.65
106 264.5 0.667
98 268 0.683
90 274.5 0.7
6 1 1 40
227.5 159.5 0
224 155.5 0.05
217 153 0.067
205 152 0.083
187.5 152 0.1
166 154.5 0.117
147.5 162 0.133
129.5 171.5 0.15
114.5 182.5 0.167
100.5 197.5 0.183
89.5 215 0.2
79 241.5 0.217
74.5 263 0.233
73 286.5 0.25
73 307.5 0.267
75.5 328 0.283
83 347 0.3
93.5 363.5 0.317
107.5 376.5 0.333
123 385 0.35
138.5 388.5 0.367
156 388.5 0.384
175.5 382.5 0.4
192.5 372 0.417
209.5 360.5 0.433
223.5 347.5 0.45
232 336.5 0.467
237.5 323.5 0.483
238.5 312.5 0.5
237 297.5 0.517
224.5 283.5 0.534
209.5 271.5 0.55
193.5 263.5 0.567
180 258 0.584
163.5 254 0.6
144.5 253.5 0.617
126.5 253.5 0.633
114 253.5 0.65
105.5 255 0.667
99.5 259.5 0.683
6 1 1 40
231.5 172.5 0
226.5 165 0.05
222 163 0.067
215 162.5 0.083
204 162.5 0.1
184.5 164.5 0.117
164.5 173.5 0.133
143.5 185 0.15
124.5 198 0.167
106.5 213 0.183
91 234.5 0.2
81.5 251.5 0.217
74 272 0.233
71.5 293.5 0.25
71.5 311.5 0.267
74.5 332.5 0.284
83.5 350.5 0.3
94.5 364 0.317
109 375 0.334
126 382.5 0.35
145 388 0.367
162 388.5 0.384
184 388 0.401
202 377.5 0.417
216.5 365 0.434
227 350.5 0.451
232 337 0.467
235 322 0.484
235 308 0.501
231 296 0.517
220.5 286 0.534
204 277 0.55
188.5 268.5 0.567
170.5 262 0.584
154.5 259 0.601
137 259 0.617
122.5 259.5 0.634
113 263 0.651
102 271 0.667
91 283 0.684
6 1 1 38
226 129 0
192 139 0.1
172.5 149.5 0.117
149 167.5 0.134
127 189 0.15
107.5 211 0.167
95 232 0.184
87.5 251 0.2
82 273.5 0.217
80.5 296 0.233
80.5 318 0.25
83.5 336 0.267
91.5 352.5 0.284
100.5 363.5 0.3
112.5 372.5 0.317
127 379.5 0.334
146.5 385 0.35
164.5 386 0.367
190 386 0.384
210.5 382.5 0.4
228.5 373 0.417
241.5 359 0.434
250.5 342.5 0.45
256 328 0.467
258.5 316 0.484
258.5 303 0.5
251.5 292 0.517
239 283.5 0.534
221.5 276 0.55
204 268.5 0.567
186.5 262.5 0.584
168.5 257 0.6
153.5 255 0.617
139 254 0.634
124 254 0.65
114 256.5 0.667
105.5 262 0.684
98.5 269.5 0.7
6 1 1 39
201.5 115.5 0
171 131.5 0.083
150 147 0.1
134 160 0.117
116.5 179.5 0.133
103 196 0.15
92 215.5 0.167
84.5 237.5 0.183
80.5 260.5 0.2
80 280.5 0.217
80 302.5 0.233
85.5 320 0.25
92.5 332 0.267
103 342.5 0.283
118 352 0.3
131.5 357.5 0.317
149.5 361 0.334
167.5 362.5 0.35
185.5 362.5 0.367
205.5 355.5 0.384
222.5 343 0.4
234.5 330.5 0.417
244 316.5 0.434
249 302.5 0.45
251.5 288 0.467
251.5 275 0.484
247.5 263.5 0.5
237 254 0.517
224.5 246 0.534
206 238.5 0.55
190.5 235 0.567
171.5 232.5 0.583
153 232.5 0.6
135 232.5 0.617
122 233 0.634
108.5 235 0.65
100 237.5 0.667
93 240.5 0.684
82.5 255 0.7
6 1 1 42
224 123.5 0
217.5 120.5 0.033
211 120.5 0.05
203 120.5 0.067
193 124 0.083
173 132.5 0.1
150 146.5 0.117
132.5 160 0.133
116 176 0.15
102 193 0.167
89.5 217.5 0.183
80.5 246.5 0.2
75.5 271.5 0.217
75 297.5 0.233
75 318.5 0.25
77.5 337.5 0.267
84.5 354.5 0.283
94.5 368 0.3
107 379 0.317
122.5 387 0.333
137.5 392.5 0.35
154.5 393 0.367
174 390 0.383
190.5 377.5 0.4
205.5 364 0.417
219.5 348.5 0.434
231 332.5 0.45
239.5 316.5 0.467
243 301.5 0.483
244 286 0.5
244 271 0.517
238.5 259 0.533
228 250.5 0.55
214 244.5 0.567
198.5 241 0.583
180.5 238.5 0.6
161 238.5 0.617
141 238.5 0.634
124.5 240 0.65
110 243 0.667
101.5 245.5 0.683
91 252.5 0.7
6 1 1 42
250 144.5 0
244 139 0.083
238.5 139 0.1
230 139.5 0.117
219 141.5 0.133
204.5 145 0.15
188.5 152 0.166
166.5 166 0.183
147.5 182 0.2
132.5 196 0.216
119 211 0.233
106 227.5 0.25
96 246.5 0.266
89 267.5 0.283
85 288 0.3
84 305 0.316
84 325.5 0.333
86 340.5 0.35
92.5 356 0.366
103.5 369.5 0.383
118.5 380.5 0.4
137.5 389 0.416
158 393.5 0.433
181 394 0.45
202.5 393 0.467
223 386 0.483
240.5 378.5 0.5
252.5 370.5 0.517
260.5 360.5 0.533
264 346.5 0.55
264 333 0.567
260.5 319 0.583
249.5 303.5 0.6
235.5 292.5 0.617
218 282.5 0.633
197 274 0.65
174 267 0.667
151.5 263 0.683
133 262.5 0.7
115.5 262.5 0.717
101 265.5 0.733
92.5 271 0.75
6 1 1 42
223 129.5 0
216.5 128 0.067
209 128.5 0.083
182 140.5 0.1
165.5 147.5 0.116
148 156 0.133
128 171 0.15
108.5 187 0.166
93.5 205.5 0.183
82 222.5 0.2
71 244 0.216
64.5 264.5 0.233
62 281.5 0.25
62 299.5 0.266
62 317.5 0.283
67.5 336 0.3
75.5 352 0.316
86.5 366.5 0.333
100 379 0.35
116.5 389.5 0.366
131.5 395 0.383
150 398 0.4
165 398 0.416
183.5 393.5 0.433
198.5 382 0.45
215.5 370 0.466
229.5 356 0.483
240.5 341 0.5
246 327.5 0.516
248.5 311.5 0.533
248.5 297 0.55
246 286 0.566
237 276 0.583
226 267 0.6
210 259.5 0.617
191.5 254 0.633
170 250 0.65
151.5 248.5 0.667
131 248.5 0.683
113.5 248.5 0.7
100 252 0.717
77 268.5 0.733
9 1 1 49
222 130 0
217 128 0.033
213.5 128 0.05
210 128 0.067
205 127.5 0.084
198.5 127.5 0.101
186.5 127.5 0.117
168 127 0.133
146.5 130 0.15
132 135 0.167
120 142 0.183
110.5 150 0.2
103.5 161 0.217
98.5 174.5 0.233
98 190 0.25
99.5 209.5 0.267
110 225.5 0.283
124.5 238.5 0.3
138.5 244.5 0.317
158 245 0.333
182 241 0.35
202 227.5 0.367
217.5 210 0.383
226 192.5 0.4
230 180.5 0.417
231.5 172.5 0.434
232 168 0.45
232 166 0.467
232 165.5 0.484
228.5 166.5 0.5
223.5 177 0.517
217 193 0.534
213.5 208.5 0.55
211 227 0.567
210 247 0.584
210 271 0.6
209.5 294.5 0.617
208 320.5 0.634
203.5 354 0.65
197 374 0.667
185 391.5 0.684
169 399.5 0.701
153 401.5 0.717
134.5 401 0.734
119 399.5 0.751
107.5 398 0.767
100 397 0.784
95.5 396.5 0.801
93 395.5 0.817
9 1 1 46
196.5 119 0
188 113 0.05
180.5 113 0.067
167.5 116.5 0.083
150.5 124.5 0.1
133.5 134 0.117
118.5 146 0.133
105.5 159 0.15
98.5 171.5 0.167
94.5 185.5 0.183
94.5 202 0.2
99 221 0.217
111.5 238.5 0.233
128 252 0.25
147 259 0.267
167.5 259 0.283
188.5 252 0.3
208 233 0.317
221 211.5 0.333
227 193.5 0.35
229.5 180.5 0.367
229.5 171 0.383
229.5 166 0.4
229.5 163.5 0.417
226.5 163 0.433
223.5 163 0.45
218.5 172 0.467
214 186.5 0.483
209 206 0.5
206 226.5 0.517
204 248.5 0.533
202.5 270 0.55
200.5 292 0.567
198.5 309.5 0.583
194.5 327.5 0.6
186.5 344 0.617
176 357 0.633
164.5 365.5 0.65
148.5 374 0.667
133 382 0.684
117 390 0.7
102.5 394.5 0.717
87 397 0.733
75.5 397 0.75
66.5 394.5 0.766
63.5 393 0.783
9 1 1 52
205 112 0
200 107 0.033
195.5 105.5 0.05
188.5 105.5 0.067
177.5 105.5 0.083
161.5 111.5 0.1
146 121.5 0.117
132 133.5 0.133
120.5 148.5 0.15
110.5 167 0.167
104.5 186 0.183
102.5 200.5 0.2
102.5 214.5 0.217
105 226 0.234
114.5 236 0.25
127.5 240.5 0.267
147.5 240.5 0.284
167 230 0.3
183.5 214 0.317
197 196 0.333
206 179 0.35
211.5 169 0.367
215 160.5 0.384
216.5 153.5 0.4
217 148.5 0.417
217.5 146 0.434
217.5 150.5 0.484
216 162 0.5
213 177 0.517
211 192.5 0.534
209.5 212 0.55
208 235.5 0.567
207.5 254 0.583
204 273 0.6
199.5 290 0.617
195 303 0.634
190 315.5 0.65
187 325 0.667
184 334 0.683
180 343 0.7
174 354 0.717
166 364.5 0.734
152 377 0.75
137 385.5 0.767
123.5 390 0.784
107 390 0.8
92.5 388 0.817
81 379 0.834
73.5 373.5 0.85
69.5 371 0.867
67 369.5 0.884
67 368.5 0.9
9 1 1 57
218 117 0
215.5 114.5 0.067
210.5 114 0.083
200.5 111 0.1
186.5 108 0.117
170.5 107 0.133
151 107 0.15
133 116 0.167
117 129 0.183
103.5 144 0.2
94 161 0.217
88.5 179.5 0.233
86.5 196 0.25
86.5 213.5 0.267
92 231 0.283
100 242.5 0.3
111.5 250.5 0.317
122.5 254 0.334
143.5 254 0.35
163.5 247.5 0.367
181 236.5 0.384
194.5 222 0.401
204.5 204.5 0.417
212.5 185.5 0.434
218 170.5 0.451
221 159.5 0.467
223 150 0.484
224 145 0.501
224.5 141.5 0.517
224.5 141 0.534
223.5 142 0.567
221 148.5 0.584
218 157.5 0.601
215.5 170 0.617
213.5 185.5 0.634
211.5 204 0.651
209 226 0.667
207 247 0.684
203.5 264 0.701
201 282 0.717
197 299 0.734
191.5 317.5 0.751
187 331.5 0.767
181.5 347 0.784
176 363.5 0.801
167.5 381 0.817
158.5 394.5 0.834
148.5 404 0.851
135.5 412 0.867
121.5 416 0.884
107 416 0.901
93.5 416 0.917
81.5 411 0.934
72.5 406 0.951
66 402.5 0.967
61.5 400.5 0.984
59 398.5 1.001
9 1 1 54
211 117 0
203.5 112.5 0.033
196.5 112.5 0.05
188.5 112.5 0.067
179 114 0.083
165 121 0.1
152 129.5 0.117
137.5 141.5 0.133
126 154.5 0.15
115 172.5 0.167
107.5 191 0.183
105 207 0.2
105 222.5 0.217
106.5 237 0.233
115 248 0.25
124.5 255 0.267
134 257 0.283
152 256 0.3
168.5 246 0.317
184 233 0.334
196.5 219 0.35
207 203.5 0.367
213 188.5 0.383
217 174 0.4
218.5 163.5 0.417
219 154 0.433
219.5 147.5 0.45
219.5 141.5 0.467
219.5 138 0.483
219.5 136.5 0.5
219.5 138.5 0.55
219.5 152 0.567
218 168 0.583
215.5 186 0.6
213 205.5 0.617
211 228.5 0.633
209.5 250.5 0.65
208 271 0.667
206 288 0.683
204 305 0.7
201 323 0.717
197.5 340.5 0.733
193 361 0.75
187 379 0.767
179.5 390.5 0.783
168 400 0.8
153.5 404.5 0.817
137 405.5 0.833
119.5 405.5 0.85
104 402 0.867
91 396 0.884
82 391.5 0.9
76 388.5 0.917
73.5 387 0.933
9 1 1 75
207 151.5 0
202.5 143.5 0.033
199 138 0.05
193 134.5 0.067
184.5 133 0.084
170 133 0.1
153.5 137 0.117
138 145 0.134
127 153 0.15
116 164 0.167
104.5 180 0.184
97 197 0.2
91.5 214.5 0.217
89.5 235 0.234
89.5 253 0.25
90 273.5 0.267
96 287 0.284
103 298.5 0.3
110.5 305.5 0.317
120.5 310.5 0.334
131.5 312.5 0.35
145.5 312.5 0.367
162 302.5 0.384
176 290 0.4
186.5 275.5 0.417
194.5 259 0.434
201 242.5 0.45
206 226.5 0.467
210 209 0.484
211.5 192 0.5
212 180.5 0.517
212 172 0.534
212 166.5 0.55
212 162 0.567
212 159.5 0.584
212 158.5 0.6
212 158 0.617
212 159 0.667
212 171.5 0.684
211 187 0.7
208 202.5 0.717
207 213.5 0.734
206 223 0.75
205.5 233 0.767
205.5 242.5 0.784
205.5 251 0.8
205.5 259 0.817
205.5 265.5 0.834
205.5 274.5 0.85
205.5 282.5 0.867
205.5 292 0.884
205.5 304 0.9
205.5 317 0.917
205.5 329.5 0.934
205.5 341 0.95
204.5 352 0.967
203.5 361 0.984
202 369.5 1
200.5 378 1.017
198.5 385 1.034
196.5 393 1.05
192.5 401.5 1.067
187.5 410.5 1.084
179.5 421 1.1
169.5 430 1.117
158 437 1.134
147 440.5 1.15
134.5 443.5 1.167
121.5 444 1.184
109 444 1.2
96.5 439 1.217
88 431 1.234
83 425.5 1.25
80 424 1.267
78.5 424 1.284
9 1 1 52
210 134 0
202 133.5 0.05
188 137.5 0.067
169 147.5 0.084
150 160 0.1
129 176.5 0.117
114.5 189 0.133
101 204.5 0.15
92 219 0.167
87 234.5 0.184
85 249.5 0.2
85 264 0.217
90.5 276 0.233
100 283.5 0.25
111.5 286 0.267
132.5 285 0.283
151.5 275.5 0.3
169 262.5 0.317
184 249.5 0.334
197 234.5 0.35
207.5 217.5 0.367
213.5 199 0.383
216 183 0.4
217.5 170 0.417
218 159 0.434
218.5 152 0.45
218.5 148.5 0.467
218.5 148 0.483
216.5 162.5 0.517
211.5 181.5 0.533
207 201.5 0.55
202 223 0.567
197.5 247.5 0.583
193 271 0.6
187.5 294 0.617
182 314 0.634
178 329.5 0.65
172.5 343.5 0.667
166.5 355.5 0.684
159.5 364.5 0.7
151.5 373.5 0.717
142 382.5 0.734
132 392.5 0.75
119.5 401 0.767
108.5 405.5 0.784
96 406.5 0.8
83 406.5 0.817
74.5 401.5 0.833
69 397.5 0.85
66.5 394.5 0.867
64.5 392.5 0.883
64.5 392 0.9
9 1 1 45
232.5 142 0
226.5 137.5 0.083
218.5 136 0.1
206 135 0.117
190 135 0.133
176 137.5 0.15
161 148 0.167
149.5 160.5 0.183
141 171 0.2
135.5 183.5 0.217
133.5 194 0.233
133.5 206.5 0.25
134.5 216 0.267
141 222.5 0.284
151.5 226 0.3
166.5 226 0.317
187.5 220 0.333
207 206.5 0.35
222 191 0.367
230.5 180 0.383
236.5 171 0.4
240 165.5 0.417
242 162.5 0.434
242.5 161 0.45
243 161 0.467
243 162.5 0.5
239 174 0.517
232.5 187.5 0.533
225.5 207 0.55
221 226.5 0.567
217.5 249 0.583
215 271.5 0.6
212.5 292.5 0.617
209 314.5 0.633
203 339.5 0.65
195 361.5 0.667
186 376.5 0.684
177 383 0.7
165.5 384.5 0.717
150.5 384.5 0.734
137 377.5 0.75
126 371 0.767
119 368 0.784
114.5 366.5 0.8
112 366 0.817
9 1 1 45
240 132 0
231.5 129 0.067
224.5 126 0.083
211 122.5 0.1
195 121.5 0.117
173.5 121.5 0.134
155.5 128 0.15
139.5 139 0.167
129.5 149.5 0.184
122 162.5 0.2
118 177 0.217
117.5 193 0.234
119 211.5 0.25
128.5 226.5 0.267
141.5 237 0.284
157 240 0.3
179.5 239 0.317
201.5 224.5 0.333
215.5 209.5 0.35
226.5 190.5 0.367
233 173 0.384
237 159.5 0.4
239.5 149.5 0.417
240 143.5 0.434
240.5 140.5 0.45
240.5 139 0.467
239.5 143 0.5
233.5 161 0.517
227 182 0.534
221.5 206.5 0.55
217 232 0.567
214 258.5 0.584
211.5 285 0.6
209 310 0.617
203.5 335.5 0.634
196.5 356.5 0.65
186 372 0.667
175.5 381 0.684
160 385.5 0.7
143.5 388 0.717
127 388.5 0.734
112.5 388.5 0.75
102.5 388.5 0.767
96.5 388.5 0.783
94 387 0.8
9 1 1 58
219 140.5 0
214.5 139 0.017
203 139 0.033
188.5 139 0.05
171 141.5 0.066
153.5 145 0.083
138 151 0.1
125.5 160 0.117
112 173.5 0.133
101 189 0.15
93.5 207.5 0.166
91 227.5 0.183
91 245.5 0.2
93.5 266.5 0.216
102 282.5 0.233
112 293 0.25
121.5 298.5 0.266
134.5 301 0.283
156.5 299.5 0.3
181 283.5 0.316
199 264 0.333
212.5 243.5 0.35
222.5 220 0.366
229 200.5 0.383
232 185.5 0.4
233 177 0.417
233.5 171 0.433
233.5 167 0.45
233.5 164 0.467
232.5 163 0.483
230.5 163 0.5
229.5 163 0.517
228.5 163 0.534
227.5 168 0.55
225 182 0.567
222 199 0.584
218.5 218 0.6
215.5 241 0.617
213.5 258 0.633
211 277.5 0.65
207 298.5 0.667
203 318 0.684
199.5 334 0.7
196 351.5 0.717
192 365.5 0.734
188.5 378.5 0.75
185 388.5 0.767
179.5 399 0.784
172.5 409.5 0.8
163.5 419.5 0.817
149.5 429.5 0.833
135.5 434 0.85
118.5 434 0.867
99 431 0.883
83.5 422.5 0.9
71.5 417 0.917
65 414.5 0.934
63 414 0.95
z 1 1 43
55.5 118.5 0
67 120.5 0.067
88 120.5 0.084
116 120.5 0.1
147.5 120 0.117
180 120 0.133
211.5 118.5 0.15
240.5 118.5 0.167
264.5 118.5 0.183
282 119 0.2
293 122 0.217
298 124 0.233
300 125.5 0.25
300 127 0.267
292.5 132.5 0.283
269.5 149 0.3
246 166 0.317
219 185 0.333
190 205.5 0.35
162.5 225 0.367
136 247 0.383
111.5 271.5 0.4
89.5 295 0.417
71 313.5 0.434
61 324.5 0.45
56 330.5 0.467
53.5 333.5 0.483
53 336 0.5
53 338 0.517
55 339 0.534
66.5 339.5 0.55
85 340 0.567
114 340 0.584
145.5 340 0.6
182 340.5 0.617
210 341.5 0.633
239.5 343 0.65
264 344 0.667
282.5 345 0.684
295 346 0.7
303 347 0.717
306 348 0.733
306 351 0.75
z 1 1 45
60.5 146.5 0
65.5 150 0.067
77.5 150 0.084
93.5 150.5 0.1
117 152 0.117
140 153 0.134
165 154 0.15
190.5 154.5 0.167
214.5 155 0.184
230.5 155.5 0.2
245 155.5 0.217
254.5 155.5 0.234
260.5 155.5 0.25
264.5 155.5 0.267
265.5 155.5 0.284
266 156 0.3
266 157 0.317
262.5 158.5 0.334
247 168 0.35
229 181 0.367
204.5 199 0.384
184 215 0.4
162 232.5 0.417
140 251.5 0.434
122 271 0.45
103.5 292 0.467
90.5 308 0.484
77.5 325.5 0.5
69 336 0.517
63 344.5 0.534
60 350.5 0.55
58.5 354.5 0.567
58.5 357.5 0.584
61 359 0.6
75.5 360 0.617
92.5 360.5 0.634
118 360.5 0.65
144.5 360.5 0.667
171.5 361 0.684
199 363.5 0.7
223.5 365 0.717
242.5 366.5 0.734
256 367 0.751
265.5 367.5 0.767
272.5 368 0.784
z 1 1 36
69 159 0
68 161 0.083
85.5 161 0.1
113.5 161 0.117
142 161 0.134
170.5 159 0.15
198 157 0.167
224 156 0.184
247.5 156 0.2
261 156 0.217
269 157.5 0.234
272 159 0.25
272 162 0.267
255.5 169 0.284
237 178.5 0.3
213 191.5 0.317
189.5 205 0.334
164 219.5 0.35
137.5 238 0.367
114.5 257 0.384
94 275.5 0.4
77.5 293 0.417
67.5 305 0.433
62 313.5 0.45
60 318 0.467
60 320 0.483
60.5 321.5 0.5
77 321.5 0.517
100.5 321.5 0.533
126.5 321.5 0.55
154.5 319 0.567
189.5 315 0.584
217 314.5 0.6
244 314.5 0.617
263.5 314.5 0.634
277 316 0.65
z 1 1 38
54.5 166.5 0
60.5 168.5 0.067
83 168.5 0.083
111.5 167 0.1
141.5 166 0.117
169 166 0.133
195 166 0.15
218.5 166 0.167
235.5 167 0.184
251.5 169.5 0.2
260.5 171.5 0.217
265.5 173.5 0.234
267 174.5 0.25
267 176 0.267
262.5 180 0.284
239.5 194 0.3
216 209 0.317
191.5 226 0.334
166 245 0.35
141.5 264.5 0.367
121.5 281.5 0.384
103.5 298.5 0.4
91.5 311.5 0.417
84 321.5 0.434
78.5 328 0.45
77 331 0.467
77 332.5 0.484
77.5 333 0.5
89.5 333 0.517
108 333 0.534
132 333 0.55
157 333 0.567
183 333 0.583
208 333 0.6
227.5 334 0.617
247.5 335.5 0.633
264 337.5 0.65
278 341.5 0.667
z 1 1 38
54.5 154.5 0
63 158 0.067
85.5 158 0.083
114 154 0.1
150.5 150 0.117
184.5 149 0.133
213 149 0.15
241.5 149 0.167
261 149.5 0.183
278 150 0.2
287 152.5 0.217
291 155 0.233
291 159 0.25
286 164 0.267
272 170 0.283
253.5 178 0.3
232 187.5 0.317
202.5 205.5 0.333
174 225 0.35
148 245.5 0.367
124 264 0.383
106 276 0.4
94.5 284.5 0.417
87.5 290.5 0.433
83 295 0.45
81 299 0.467
81 302 0.483
81.5 303.5 0.5
89 304.5 0.517
107 304.5 0.533
132.5 304.5 0.55
161 304 0.567
189.5 304 0.583
217.5 304.5 0.6
244.5 306 0.617
269 307 0.633
291.5 308.5 0.65
307.5 311.5 0.667
z 1 1 38
56 150.5 0
69.5 151 0.033
86 151 0.05
111.5 151 0.067
136 150.5 0.083
162 150.5 0.1
188.5 151.5 0.117
213 155.5 0.133
229 158 0.15
242 160.5 0.167
250 162 0.183
254 164.5 0.2
254.5 168 0.217
250 175 0.233
234.5 187 0.25
212 204 0.267
188 225 0.283
162 251 0.3
135.5 277.5 0.317
113.5 300 0.333
96 318 0.35
84 331 0.367
72.5 343 0.383
66 353.5 0.4
63.5 360 0.417
63.5 364.5 0.433
63.5 367 0.45
75 367.5 0.467
92.5 367.5 0.483
118 367.5 0.5
144.5 367.5 0.517
169.5 367.5 0.533
194 367.5 0.55
219.5 367.5 0.567
246.5 367.5 0.583
272.5 367.5 0.6
296.5 368 0.617
311 368.5 0.634
z 1 1 43
48.5 166 0
52 170.5 0.083
60.5 170.5 0.1
78 170.5 0.117
97.5 170.5 0.134
125 170.5 0.15
154 170.5 0.167
185.5 170.5 0.184
215 170.5 0.2
235.5 170.5 0.217
254.5 170.5 0.234
266 170.5 0.25
273.5 171 0.267
277.5 171.5 0.284
279 172.5 0.3
279 173.5 0.317
276.5 176.5 0.333
259 188.5 0.35
236 206 0.367
213.5 224.5 0.384
187.5 249.5 0.4
161 274 0.417
135 297.5 0.434
113 319.5 0.45
95.5 337 0.467
84 352 0.484
74.5 364 0.5
68.5 373.5 0.517
65 381 0.534
63.5 385 0.55
63.5 387 0.567
63.5 388.5 0.583
76.5 389 0.6
95 389.5 0.617
121.5 390 0.633
146.5 390.5 0.65
171 390.5 0.667
197.5 390.5 0.684
226 390.5 0.7
252 390.5 0.717
270.5 390.5 0.734
283.5 390.5 0.75
296.5 390 0.767
z 1 1 43
55 169 0
58.5 172.5 0.067
72.5 172.5 0.083
91.5 173.5 0.1
118 175 0.117
142.5 175.5 0.133
168 176 0.15
195 176 0.167
223 176.5 0.183
248.5 176.5 0.2
264 176.5 0.217
276 176.5 0.234
283.5 177 0.25
287.5 177.5 0.267
289 178 0.284
289 178.5 0.3
283 182.5 0.317
264.5 193.5 0.333
240 210.5 0.35
216 229 0.367
190 250.5 0.383
164.5 270 0.4
139.5 288.5 0.417
119.5 306 0.434
101.5 325 0.45
91 339 0.467
83.5 352 0.483
77.5 361 0.5
75 367 0.517
74 371 0.533
74 374 0.55
80.5 376 0.567
94 377.5 0.584
112.5 379 0.6
133 379.5 0.617
155.5 379.5 0.634
182.5 379.5 0.65
208.5 379.5 0.667
232 379.5 0.684
249.5 379.5 0.7
264 379.5 0.717
274.5 379.5 0.734
282.5 381 0.75
z 1 1 41
50 164 0
51.5 163 0.05
62 163 0.067
85 161.5 0.083
112.5 161 0.1
141 161 0.117
171 161 0.133
200.5 161 0.15
229 162 0.167
253 164 0.183
269 166 0.2
281 166.5 0.217
287.5 168 0.233
290 171 0.25
287.5 177.5 0.267
273.5 187 0.283
256.5 196.5 0.3
232 211 0.317
207 227.5 0.333
180 249 0.35
153 271.5 0.367
127 295 0.383
102.5 317 0.4
84 335 0.417
70 347.5 0.433
60.5 357.5 0.45
53.5 365 0.467
50 370.5 0.483
47.5 374 0.5
47.5 376.5 0.517
54 378.5 0.533
69.5 379.5 0.55
89 379.5 0.567
116.5 379.5 0.583
144.5 379.5 0.6
173.5 380 0.617
203 380.5 0.634
231 381 0.65
255 381.5 0.667
272.5 382 0.683
285 382 0.7
z 1 1 47
51 178.5 0
56.5 180 0.05
70.5 180 0.067
89.5 180 0.083
116 179 0.1
140 177 0.116
165 176.5 0.133
191.5 176 0.15
217.5 175.5 0.166
236 175 0.183
251 175 0.2
261 175 0.216
268 175 0.233
273.5 175 0.25
275.5 175 0.266
276 175 0.283
276 175.5 0.316
269.5 180 0.333
253 193 0.35
235 206.5 0.366
213.5 223 0.383
192.5 241 0.4
170.5 260 0.416
149.5 279.5 0.433
129.5 299.5 0.45
110.5 320.5 0.466
94.5 339 0.483
82.5 354 0.5
72.5 363.5 0.516
67 369 0.533
63.5 372.5 0.55
61.5 374.5 0.566
61 375.5 0.583
61 376 0.6
66.5 376.5 0.616
80.5 377.5 0.633
97 378 0.65
117 378 0.666
141 378 0.683
165.5 376.5 0.7
191 374.5 0.717
215 372.5 0.733
233.5 371.5 0.75
248 370.5 0.766
262 368.5 0.783
272.5 367 0.8
281 367 0.817
