2h 1 2 38
65 240 0
63.5 241.5 0.017
71 241.5 0.1
78 241.5 0.117
87.5 241.5 0.134
99.5 241.5 0.15
112.5 241.5 0.167
128.5 241.5 0.184
145.5 241.5 0.201
164 241 0.217
185 241 0.234
205.5 241 0.25
226.5 241 0.267
246 241 0.284
264 240.5 0.301
276 239.5 0.317
288 239 0.334
299 238.5 0.351
308 238 0.367
2.5 358 0.017
5 361 0.1
7 362 0.117
17.5 363 0.134
29.5 363 0.15
43 363 0.167
58.5 363 0.184
76.5 363 0.201
93.5 363 0.217
112.5 363 0.234
130.5 363 0.25
149.5 362.5 0.267
167 360 0.284
184 357.5 0.301
198 355 0.317
208.5 354 0.334
216.5 353 0.351
223.5 352.5 0.367
232.5 352.5 0.384
2h 1 2 38
65 240 0
63.5 241.5 0.017
71 241.5 0.1
78 241.5 0.117
87.5 241.5 0.134
99.5 241.5 0.15
112.5 241.5 0.167
128.5 241.5 0.184
145.5 241.5 0.201
164 241 0.217
185 241 0.234
205.5 241 0.25
226.5 241 0.267
246 241 0.284
264 240.5 0.301
276 239.5 0.317
288 239 0.334
299 238.5 0.351
308 238 0.367
2.5 358 0.017
5 361 0.1
7 362 0.117
17.5 363 0.134
29.5 363 0.15
43 363 0.167
58.5 363 0.184
76.5 363 0.201
93.5 363 0.217
112.5 363 0.234
130.5 363 0.25
149.5 362.5 0.267
167 360 0.284
184 357.5 0.301
198 355 0.317
208.5 354 0.334
216.5 353 0.351
223.5 352.5 0.367
232.5 352.5 0.384
2h 1 2 45
25 334.5 0
24.5 334 0.017
26.5 334.5 0.084
29 335 0.1
33 335 0.117
38.5 335 0.134
47 335 0.15
56.5 335 0.167
69 335 0.184
83 335.5 0.2
100.5 336 0.217
117.5 336.5 0.234
135 336.5 0.251
153 336.5 0.267
170 336.5 0.284
186 336.5 0.3
199.5 336 0.317
214 335 0.334
226 334.5 0.351
235.5 333.5 0.367
243.5 333 0.384
250 333 0.401
256 333 0.417
49.5 227.5 0.017
52 228 0.084
56 228 0.1
60.5 228 0.117
67 228 0.134
75.5 228 0.15
87.5 228 0.167
99 228 0.184
115 228 0.2
131.5 228 0.217
150 228 0.234
168 227.5 0.251
187 226.5 0.267
204.5 225.5 0.284
222 224 0.3
237.5 223 0.317
252.5 222 0.334
264.5 220.5 0.351
274.5 220 0.367
283.5 219 0.384
290 218.5 0.401
298.5 218.5 0.417
2h 1 2 45
5 355 0
6.5 354.5 0.017
11.5 356 0.067
23.5 356 0.083
35.5 356 0.1
50 356 0.117
67.5 356 0.134
81 356 0.15
98.5 356 0.167
111.5 356 0.183
127.5 355 0.2
140 354.5 0.217
156.5 353 0.233
169 352.5 0.25
182.5 352 0.267
195.5 352 0.284
205 352 0.3
215.5 352 0.317
224 351.5 0.334
231 351.5 0.35
236.5 351.5 0.367
241.5 351.5 0.384
245.5 351.5 0.4
45.5 222 0.017
54.5 223 0.067
63 223 0.083
72 223 0.1
87 223 0.117
100.5 223 0.134
117.5 223 0.15
131 223 0.167
146 223 0.183
162.5 223 0.2
176 223 0.217
193 222.5 0.233
205.5 222.5 0.25
220.5 222.5 0.267
233.5 222.5 0.284
244.5 222.5 0.3
255.5 222.5 0.317
265 222.5 0.334
272 222.5 0.35
278 222.5 0.367
283 222.5 0.384
290.5 223.5 0.4
2h 1 2 47
3 360.5 0
4.5 360.5 0.017
12.5 362 0.083
24.5 362 0.1
36.5 362 0.117
49.5 362 0.134
61.5 362 0.15
73.5 362 0.167
86.5 361 0.183
100 359.5 0.2
113.5 358.5 0.217
129.5 357.5 0.233
141 357 0.25
155.5 356 0.267
169.5 355 0.283
182.5 354.5 0.3
196.5 353 0.317
209 352.5 0.333
218.5 352.5 0.35
229.5 351 0.367
236.5 350.5 0.384
242 350.5 0.4
247.5 350.5 0.417
254.5 350.5 0.433
54 234.5 0.017
65.5 235.5 0.083
73 235.5 0.1
85.5 235.5 0.117
97.5 235.5 0.134
107.5 235.5 0.15
121.5 235 0.167
134 234.5 0.183
147 233.5 0.2
163 233 0.217
175.5 233 0.233
192 232 0.25
204.5 232 0.267
221.5 231 0.283
234 231 0.3
248.5 230.5 0.317
262.5 230.5 0.333
273 230.5 0.35
283 230 0.367
293 230 0.384
300.5 229.5 0.4
307.5 229.5 0.417
313 230.5 0.433
2h 1 2 42
71 231.5 0
75.5 235.5 0.067
80.5 235.5 0.084
87 235.5 0.1
95.5 235.5 0.117
104.5 235.5 0.134
116.5 235.5 0.15
131.5 235.5 0.167
146.5 235 0.184
164.5 234.5 0.2
182.5 233 0.217
200.5 232.5 0.234
218 231 0.25
234.5 230 0.267
251 229 0.284
264.5 228.5 0.3
275.5 227.5 0.317
289 227 0.334
301.5 226.5 0.35
309.5 226.5 0.367
314.5 227 0.383
9 355 0
17 355 0.067
22.5 355 0.084
31 355 0.1
40 355 0.117
53 355 0.134
65.5 355 0.15
78.5 355 0.167
96.5 354 0.184
110 353.5 0.2
129 351.5 0.217
145.5 350.5 0.234
162 348 0.25
178 346.5 0.267
193.5 345 0.284
205.5 343.5 0.3
219 342 0.317
228.5 341.5 0.334
237.5 340.5 0.35
244.5 340.5 0.367
252.5 340.5 0.383
2v 1 2 50
221.5 111 0
223 111 0.067
223.5 115 0.084
224 120.5 0.101
224.5 126.5 0.117
224.5 141.5 0.134
225 159.5 0.15
226 178.5 0.167
226.5 197 0.184
227 214.5 0.2
227 233.5 0.217
227 253.5 0.234
227 274 0.25
227 293 0.267
227 309.5 0.284
227 325 0.3
227.5 339.5 0.317
228 355 0.334
229 367 0.35
231 379 0.367
232.5 390.5 0.384
233.5 397.5 0.4
234.5 402.5 0.417
236 406.5 0.434
237 409.5 0.45
87.5 148.5 0
89 153 0.067
89 159 0.084
89 168.5 0.101
89 180.5 0.117
89 196.5 0.134
89.5 213.5 0.15
90 236 0.167
90 258.5 0.184
90 278 0.2
90 302 0.217
90 325.5 0.234
90.5 343.5 0.25
90.5 362 0.267
90.5 378 0.284
90.5 391.5 0.3
90.5 407 0.317
90.5 419.5 0.334
90.5 432.5 0.35
90.5 443.5 0.367
91 451 0.384
92 457 0.4
93 462 0.417
94 465 0.434
96.5 470 0.45
2v 1 2 63
115 111.5 0
115.5 112.5 0.033
115.5 114 0.067
115.5 117.5 0.084
115.5 122.5 0.1
115.5 129.5 0.117
115.5 137.5 0.133
115.5 149.5 0.15
115 163 0.167
115 177.5 0.183
114.5 194.5 0.2
114.5 211.5 0.217
114 230.5 0.233
113.5 250.5 0.25
113.5 269 0.267
113 286.5 0.283
112.5 304.5 0.3
112.5 322.5 0.317
112.5 339.5 0.333
112.5 357.5 0.35
112.5 370.5 0.367
112.5 383.5 0.383
112.5 395 0.4
112.5 403.5 0.417
112.5 412 0.433
112.5 418 0.45
112.5 423.5 0.467
112.5 428.5 0.483
112.5 432 0.5
112.5 434.5 0.517
112.5 436.5 0.533
112.5 440 0.55
254 120.5 0.033
254 129.5 0.067
254.5 136.5 0.084
255 143.5 0.1
255 151.5 0.117
255 161.5 0.133
255 172.5 0.15
255 183.5 0.167
255 195.5 0.183
254.5 209.5 0.2
254.5 226.5 0.217
254 245 0.233
253.5 263 0.25
253 281.5 0.267
253 298.5 0.283
252.5 315 0.3
252.5 331.5 0.317
252.5 347 0.333
252.5 363 0.35
252.5 375 0.367
252.5 388.5 0.383
252.5 398 0.4
252.5 407.5 0.417
252.5 414.5 0.433
252.5 421.5 0.45
252.5 427 0.467
252.5 431 0.483
252.5 434 0.5
252.5 436 0.517
252.5 437.5 0.533
252.5 438.5 0.55
2v 1 2 58
115.5 104.5 0
116.5 102.5 0.017
117.5 107.5 0.1
117.5 114 0.117
117.5 122.5 0.133
117.5 133.5 0.15
117.5 145.5 0.167
117.5 161.5 0.183
117.5 178 0.2
116.5 194.5 0.217
115.5 212.5 0.233
114.5 230.5 0.25
113.5 248.5 0.267
113 266 0.283
110.5 283.5 0.3
109 301 0.317
108.5 317.5 0.333
108.5 333 0.35
108.5 345 0.367
108.5 358.5 0.383
108.5 370 0.4
108.5 379 0.417
108.5 390 0.433
108.5 399 0.45
108.5 405.5 0.467
108.5 411 0.483
108.5 415.5 0.5
108.5 418 0.517
108.5 420 0.533
258 97 0.017
259 106 0.1
259 111.5 0.117
259 120 0.133
259 131.5 0.15
258.5 143 0.167
257 159 0.183
256 174 0.2
254 190.5 0.217
253 207 0.233
251 224.5 0.25
250 242 0.267
249 259 0.283
247 276.5 0.3
245.5 292.5 0.317
245 308.5 0.333
244.5 321.5 0.35
244.5 335 0.367
244.5 347 0.383
244.5 359 0.4
244.5 368.5 0.417
244.5 378 0.433
244.5 387 0.45
244.5 394 0.467
244.5 399.5 0.483
244.5 404 0.5
244.5 406 0.517
244.5 407 0.533
244.5 408.5 0.55
2v 1 2 54
244.5 76 0
245 81.5 0.067
245 86 0.084
245 91.5 0.1
245 98 0.117
245.5 106 0.134
246.5 117.5 0.15
248 133 0.167
249 149 0.183
250 168 0.2
250.5 191.5 0.217
250.5 210.5 0.233
250.5 235 0.25
249.5 255.5 0.267
247.5 277.5 0.283
246 295 0.3
243.5 314.5 0.317
242 332.5 0.334
242 346 0.351
241.5 360 0.367
241.5 371.5 0.384
241.5 380.5 0.4
241.5 389.5 0.417
241.5 395.5 0.434
241.5 400 0.45
241.5 403 0.467
241.5 405 0.483
118 99 0
119 103.5 0.067
120 109 0.084
120 117 0.1
120.5 125.5 0.117
121.5 134 0.134
122.5 146.5 0.15
123.5 161.5 0.167
124 178 0.183
124.5 196.5 0.2
124.5 216 0.217
124.5 240.5 0.233
124.5 262 0.25
121.5 282.5 0.267
119.5 302.5 0.283
117.5 320.5 0.3
114 341.5 0.317
113 359 0.334
112.5 373 0.351
112.5 387 0.367
112.5 400 0.384
112.5 410 0.4
112.5 419 0.417
112.5 425.5 0.434
112.5 431 0.45
112.5 434 0.467
112.5 437.5 0.483
2v 1 2 53
262 87 0.017
261.5 95.5 0.1
261.5 102.5 0.117
261.5 113 0.134
261 125.5 0.15
259.5 140.5 0.167
259 153.5 0.184
257.5 171 0.2
255.5 187 0.217
254.5 203.5 0.234
253 220.5 0.25
252 237.5 0.267
251.5 254 0.283
251 271 0.3
250.5 288 0.317
249 305 0.334
249 321 0.35
247.5 336 0.367
247 347.5 0.384
246.5 359.5 0.4
246 368 0.417
246 375 0.434
246 381 0.45
245.5 386 0.467
245.5 390 0.484
245.5 392.5 0.5
122 100.5 0
122 99.5 0.017
123 108 0.1
123 116.5 0.117
123 128.5 0.134
123 140.5 0.15
123 154.5 0.167
122 171.5 0.184
120.5 188 0.2
118.5 205 0.217
117 222.5 0.234
116.5 241 0.25
115.5 259 0.267
115 276 0.283
114 292.5 0.3
113.5 309 0.317
112 326.5 0.334
111.5 342 0.35
109.5 357.5 0.367
108.5 369.5 0.384
108 379 0.4
107 389 0.417
106.5 395.5 0.434
106 401.5 0.45
106 405.5 0.467
106 409 0.484
106 415 0.5
2vh 1 4 93
94 118.5 0
93.5 122.5 0.05
93.5 128 0.067
93.5 135.5 0.084
93.5 147 0.1
93.5 161 0.117
93 178.5 0.133
93 196.5 0.15
93 219 0.167
93 245 0.183
93 272 0.2
93 297.5 0.217
93 320.5 0.233
93 337.5 0.25
93 355 0.267
93 367.5 0.284
93 379.5 0.3
93 388.5 0.317
93 395.5 0.334
93 400.5 0.35
93 404 0.367
93.5 406 0.384
226.5 120.5 0
227 122.5 0.05
227 126.5 0.067
227 135 0.084
227 147 0.1
227 164.5 0.117
227 181 0.133
227 199 0.15
227.5 220.5 0.167
228.5 244 0.183
229 269 0.2
230 294.5 0.217
230.5 317.5 0.233
231 336 0.25
231 354.5 0.267
231 367.5 0.284
231 380 0.3
231 389.5 0.317
231 396 0.334
231.5 401 0.35
232.5 404 0.367
233.5 404.5 0.384
77.5 222 0.733
80.5 225.5 0.851
83.5 225.5 0.867
90 225 0.884
96.5 225 0.901
107.5 225 0.917
124 224 0.934
138.5 224 0.951
157 224 0.967
175 224.5 0.984
195 225 1.001
215 225.5 1.017
233.5 226 1.034
251.5 226.5 1.051
268 226.5 1.067
280 226.5 1.084
295.5 226.5 1.101
305.5 226.5 1.118
310.5 226.5 1.134
313 226.5 1.15
315 226.5 1.167
315.5 226.5 1.184
316 226.5 1.2
17 304 0.733
17 305.5 0.851
21 305.5 0.867
30.5 305.5 0.884
39 305.5 0.901
51 305.5 0.917
68.5 305.5 0.934
83.5 305.5 0.951
100.5 306 0.967
119 306.5 0.984
138.5 307.5 1.001
157.5 308 1.017
176.5 308 1.034
193 308 1.051
210 308 1.067
221.5 308 1.084
232.5 308 1.101
241 308 1.118
247.5 308 1.134
252.5 308 1.15
256 308 1.167
257.5 308 1.184
258.5 308 1.2
259.5 308 1.217
260 308 1.234
266 308 1.25
2vh 1 4 108
251.5 101.5 0.052
250.5 108.5 0.067
250.5 114 0.084
250.5 122 0.1
250.5 132.5 0.117
250.5 145.5 0.134
250.5 162 0.15
251 179 0.167
251.5 196.5 0.183
251.5 214 0.2
251.5 233 0.217
251.5 256 0.234
251.5 275 0.25
251.5 294.5 0.267
251.5 313 0.284
251.5 329.5 0.3
252 343.5 0.317
252.5 357.5 0.334
253 369.5 0.35
253.5 378.5 0.367
254 387 0.384
254.5 393.5 0.4
255 398 0.417
255 401 0.434
255.5 402.5 0.45
255.5 403 0.467
100 98 0
99 97 0.052
100 101 0.067
101.5 106.5 0.084
101.5 119 0.1
103.5 134 0.117
105.5 151.5 0.134
108 169.5 0.15
109 187.5 0.167
110 206 0.183
110.5 224.5 0.2
111.5 247 0.217
112 268.5 0.234
113 287.5 0.25
114 307 0.267
115 325.5 0.284
115.5 342 0.3
116 357.5 0.317
116.5 370 0.334
117.5 382.5 0.35
118 392 0.367
118.5 399 0.384
119 405.5 0.4
119.5 410 0.417
119.5 413 0.434
119.5 415 0.45
119.5 418 0.467
120 420.5 0.484
89 205.5 0.767
89.5 205.5 0.784
92.5 206 0.85
95.5 206 0.867
99 206 0.884
105.5 206 0.9
114.5 206 0.917
126.5 206 0.934
140 206 0.95
158.5 206 0.967
176.5 206 0.984
194.5 206.5 1
213 207 1.017
231 207.5 1.034
249.5 207.5 1.05
265.5 208 1.067
278.5 208 1.084
294 208.5 1.1
305 209 1.117
310 209 1.134
313.5 209.5 1.15
316 209.5 1.167
317 209.5 1.184
317.5 209.5 1.2
318 209.5 1.25
26 286.5 0.767
25 286.5 0.784
30 287.5 0.85
34 287.5 0.867
39 287.5 0.884
48.5 287.5 0.9
59.5 288.5 0.917
72.5 289.5 0.934
90 290 0.95
106.5 291 0.967
124.5 292 0.984
141.5 293.5 1
159.5 294.5 1.017
176.5 295 1.034
192.5 295 1.05
206 295 1.067
220.5 295 1.084
230.5 295 1.1
240.5 295 1.117
247 295 1.134
252.5 295 1.15
257 295 1.167
260 295 1.184
262.5 295 1.2
265 295 1.217
267 295 1.234
269.5 295 1.25
272 295 1.267
275 295 1.284
2vh 1 4 100
246.5 113 0
247.5 116.5 0.05
247.5 121.5 0.067
247.5 128.5 0.084
247.5 137 0.1
247.5 150 0.117
247 166.5 0.134
246 183 0.15
244.5 200.5 0.167
243 219 0.184
241.5 241.5 0.2
240 263.5 0.217
239.5 283.5 0.234
239.5 307.5 0.25
239 327.5 0.267
239 347 0.284
239 365 0.3
239 378.5 0.317
239 392 0.334
239 402 0.35
239 412 0.367
239 420 0.384
239.5 426.5 0.4
240.5 432 0.417
97 108 0
97 112 0.05
97 116 0.067
97.5 123 0.084
97.5 134 0.1
97.5 148 0.117
97.5 166.5 0.134
97.5 185 0.15
96.5 205 0.167
95 228 0.184
93.5 251.5 0.2
92.5 275 0.217
92 298.5 0.234
92 322 0.25
92 341 0.267
92 361 0.284
92 378 0.3
92 391 0.317
92 404 0.334
92 415.5 0.35
92 425 0.367
92 434 0.384
92.5 441.5 0.4
95.5 448 0.417
97.5 453.5 0.434
58 209 0.767
65.5 210 0.867
67.5 209.5 0.884
74.5 209.5 0.9
83.5 209.5 0.917
95 209.5 0.934
109.5 209.5 0.95
125.5 211.5 0.967
144.5 213.5 0.984
168.5 215 1
191 216 1.017
213.5 216.5 1.034
233 217 1.05
252.5 217.5 1.067
269.5 218 1.084
282 218 1.1
295.5 218 1.117
304.5 218 1.134
309 218 1.15
312.5 218 1.167
314 218 1.184
314.5 218 1.2
315 218 1.217
315.5 218.5 1.267
10 298.5 0.75
10 300 0.767
20 301 0.867
28 301 0.884
36.5 301 0.9
45.5 301.5 0.917
58 302.5 0.934
72.5 304.5 0.95
87.5 308 0.967
105.5 311.5 0.984
126 313 1
147 314 1.017
167 314.5 1.034
187 314.5 1.05
205.5 314.5 1.067
222 314.5 1.084
234 314.5 1.1
245.5 314.5 1.117
252.5 314.5 1.134
257.5 314.5 1.15
261 314.5 1.167
263 314.5 1.184
264.5 314.5 1.2
265 314.5 1.217
266 314.5 1.234
268 314.5 1.25
271.5 314.5 1.267
2vh 1 4 95
247 119.5 0.052
247.5 127 0.067
247.5 133 0.083
247.5 140.5 0.1
247.5 150.5 0.117
247.5 166 0.134
248 183.5 0.15
248.5 201.5 0.167
249 221 0.184
249 241.5 0.2
249 261.5 0.217
249 282.5 0.234
249 302.5 0.25
249 322.5 0.267
249 341.5 0.284
249 359 0.3
249 371.5 0.317
249 384 0.334
249 394.5 0.35
249.5 403 0.367
250 408 0.384
250.5 411.5 0.4
251 412.5 0.417
111.5 132.5 0
112 133.5 0.052
113 138.5 0.067
114 147.5 0.083
114.5 159.5 0.1
116.5 174.5 0.117
118 190.5 0.134
119.5 208 0.15
120 227 0.167
120.5 247.5 0.184
120.5 268.5 0.2
120.5 293 0.217
120.5 312.5 0.234
120.5 336.5 0.25
120.5 358.5 0.267
121 375 0.284
121.5 392 0.3
122 405 0.317
122.5 418 0.334
123.5 429.5 0.35
124 438 0.367
124.5 444 0.384
125.5 448.5 0.4
126.5 451 0.417
127 451.5 0.434
103 212.5 0.7
108 212.5 0.817
112.5 211.5 0.834
118.5 211.5 0.85
128.5 210.5 0.867
139.5 210 0.884
152.5 209 0.9
167.5 208.5 0.917
185.5 208 0.934
201.5 208 0.95
218.5 208 0.967
235.5 208 0.983
252.5 208 1
268 208 1.017
280.5 208 1.033
297 207.5 1.05
307 207.5 1.067
312.5 207.5 1.083
315.5 207.5 1.1
317.5 207 1.117
318 207 1.133
51.5 301.5 0.667
51.5 299.5 0.7
61 300 0.817
66.5 300 0.834
75 300 0.85
86.5 300 0.867
95.5 300 0.884
110 300 0.9
124 299.5 0.917
141.5 299.5 0.934
155.5 299.5 0.95
173 299.5 0.967
189 299.5 0.983
203 299.5 1
218.5 299.5 1.017
231.5 299.5 1.033
244 299.5 1.05
253.5 299.5 1.067
261 299.5 1.083
267.5 299 1.1
272.5 299 1.117
275.5 299 1.133
277.5 299 1.15
279 299 1.167
281.5 299 1.184
287 300.5 1.2
2vh 1 4 82
112 133 0
112.5 135 0.017
114.5 143 0.05
115 156 0.067
119 178 0.084
121 200.5 0.1
122.5 224 0.117
123 246.5 0.133
123 268.5 0.15
123 290.5 0.167
121.5 314.5 0.184
119.5 340.5 0.2
118 368 0.217
117 393 0.234
115.5 412 0.25
115.5 429.5 0.267
115.5 442.5 0.284
115.5 454 0.3
115.5 463 0.317
115.5 470.5 0.334
115.5 476 0.35
115.5 480 0.367
116 488 0.384
249.5 117 0.017
251 123 0.05
251 132 0.067
251.5 146 0.084
253.5 170 0.1
254.5 192 0.117
255 211 0.133
255 234.5 0.15
255 255.5 0.167
252.5 279 0.184
249.5 303.5 0.2
246.5 329.5 0.217
244 355 0.234
242.5 373 0.25
242 391 0.267
241 404.5 0.284
241 417 0.3
241 426.5 0.317
241 433.5 0.334
241 439 0.35
241 442 0.367
241 443 0.384
74 263 0.734
78 265 0.8
85 265 0.817
98 265 0.834
113.5 265 0.85
131 264.5 0.867
151.5 264 0.884
176.5 263 0.9
202 261.5 0.917
227.5 261.5 0.934
247.5 261.5 0.951
268.5 261 0.967
286.5 261 0.984
304 260.5 1
311.5 260.5 1.017
315.5 260.5 1.034
317.5 260.5 1.05
23 360.5 0.717
21 361 0.734
28.5 361.5 0.8
37.5 362.5 0.817
51.5 363 0.834
68.5 364 0.85
86 364 0.867
104 364 0.884
126.5 364 0.9
150 364 0.917
170 364 0.934
191.5 364 0.951
212 364 0.967
226.5 364 0.984
240.5 364 1
250 364 1.017
256 364 1.034
261 364 1.05
264.5 364 1.067
267 366.5 1.084
2w 1 2 136
68 110.5 0
66.5 110.5 0.052
65.5 112 0.067
67 112 0.117
68 112 0.133
72 112 0.15
78.5 112 0.167
86 112 0.184
93 112 0.2
100 112 0.217
106 112 0.233
110.5 112.5 0.25
113 114.5 0.267
114.5 116.5 0.284
114.5 121 0.3
113 128 0.317
104.5 139 0.333
93.5 154 0.35
82 170.5 0.367
70.5 187 0.384
63.5 200 0.4
60.5 209.5 0.417
60 215 0.434
60 218 0.45
65.5 220 0.467
76.5 220 0.484
88 219 0.5
99.5 215.5 0.517
108 214 0.534
113.5 213.5 0.55
117 213.5 0.567
117.5 214 0.584
114.5 225 0.6
106.5 238.5 0.617
99.5 251.5 0.634
93 265.5 0.65
90 276 0.667
89.5 285.5 0.684
89.5 293.5 0.7
97 297.5 0.717
108.5 299 0.734
120.5 299 0.75
129.5 299 0.767
136 299 0.784
140.5 299 0.8
142.5 300 0.817
142.5 305.5 0.834
131 321 0.85
119.5 337 0.867
109 353.5 0.884
102.5 364.5 0.9
100 373 0.917
100 379 0.934
100 382 0.95
106.5 384 0.967
120.5 384 0.984
135.5 384 1
145.5 383.5 1.017
150.5 383.5 1.034
153 383.5 1.05
153.5 383.5 1.067
152 389.5 1.084
139.5 403 1.1
130 417.5 1.117
122 434 1.134
119 446 1.15
118 456 1.167
118 465.5 1.184
125.5 474 1.2
210.5 78.5 0.067
213 77.5 0.117
218 76.5 0.133
224.5 74.5 0.15
232.5 73 0.167
240 72.5 0.184
248.5 72.5 0.2
254.5 72.5 0.217
260.5 72.5 0.233
264 73 0.25
266.5 74.5 0.267
267 77 0.284
267 81 0.3
264 87.5 0.317
256 97.5 0.333
246.5 108 0.35
233.5 123.5 0.367
221.5 138 0.384
214.5 150 0.4
211 159.5 0.417
210.5 165 0.434
210.5 169 0.45
214.5 171 0.467
226 171 0.484
237 171 0.5
248 169.5 0.517
256 168 0.534
261 168 0.55
264.5 168 0.567
265 168.5 0.584
265 177 0.6
257 188.5 0.617
249.5 200 0.634
243 212 0.65
239 221.5 0.667
237.5 230 0.684
237.5 238.5 0.7
243 244.5 0.717
254 247.5 0.734
266 249 0.75
276 250 0.767
283 250.5 0.784
288 251.5 0.8
290 253.5 0.817
290 258 0.834
278 273 0.85
265.5 287.5 0.867
257 299.5 0.884
249 312.5 0.9
246.5 320.5 0.917
246.5 326 0.934
246.5 329.5 0.95
252.5 332 0.967
266 332.5 0.984
279.5 332.5 1
292.5 332.5 1.017
299 332.5 1.034
301.5 333.5 1.05
302.5 336 1.067
297.5 344 1.084
286 358 1.1
275.5 371.5 1.117
267.5 384 1.134
262 398 1.15
260.5 408 1.167
260.5 421.5 1.184
265.5 432 1.2
2w 1 2 130
235.5 78 0.017
241.5 78 0.067
245 78 0.084
248 78 0.101
250 78 0.117
251 78 0.134
251.5 80 0.15
251.5 84.5 0.167
245 94.5 0.184
235 106 0.2
225 118.5 0.217
217 130.5 0.234
214 138 0.25
214 143 0.267
214 146 0.284
223 147.5 0.3
239 147.5 0.317
255 147.5 0.334
266.5 147 0.35
273.5 147 0.367
276.5 147 0.384
277.5 148 0.4
274.5 158.5 0.417
263.5 173 0.434
256.5 185 0.45
252.5 195.5 0.467
252 203.5 0.484
252 210.5 0.5
259 215 0.517
271.5 216.5 0.534
285 217 0.55
294 217.5 0.567
297.5 218 0.584
299.5 220 0.601
299.5 224.5 0.617
285 238 0.634
271.5 253 0.65
260 268 0.667
254.5 278 0.684
254 284.5 0.7
254 288.5 0.717
258.5 290.5 0.734
271 291 0.75
284.5 291 0.767
294 291 0.784
299 291.5 0.8
301.5 293.5 0.817
301.5 296 0.834
292.5 307 0.85
280 321.5 0.867
268.5 336 0.884
262.5 347 0.9
261 355 0.917
261 359.5 0.934
262 362 0.95
273.5 363 0.967
284.5 363 0.984
292 363.5 1
295 365 1.017
295.5 367.5 1.034
288.5 377.5 1.05
271.5 398 1.067
259.5 415.5 1.084
250 436.5 1.1
88.5 68 0
89.5 67.5 0.017
92 67 0.067
94.5 67 0.084
98 67 0.101
101 67 0.117
103.5 67 0.134
104.5 68 0.15
104.5 73 0.167
98 85.5 0.184
86.5 99 0.2
73 115.5 0.217
64.5 128.5 0.234
59.5 138 0.25
58.5 144.5 0.267
58.5 148.5 0.284
65 151 0.3
81 151 0.317
96.5 151 0.334
107 151 0.35
113.5 151 0.367
116.5 151 0.384
118.5 153.5 0.4
116 164.5 0.417
105 180 0.434
98.5 193 0.45
94.5 205 0.467
94 213 0.484
94 222 0.5
101.5 226 0.517
114.5 227 0.534
127.5 227.5 0.55
135 227.5 0.567
138.5 228 0.584
140.5 229.5 0.601
140.5 233.5 0.617
128.5 247 0.634
114 264 0.65
101.5 281 0.667
95.5 293.5 0.684
93.5 301 0.7
93.5 305.5 0.717
97.5 309.5 0.734
111.5 310 0.75
123.5 310 0.767
132 310 0.784
136.5 310 0.8
139.5 310.5 0.817
139.5 313 0.834
134 322.5 0.85
120.5 339.5 0.867
108 358 0.884
102 370.5 0.9
100 379 0.917
100 383.5 0.934
102 388 0.95
113.5 389 0.967
122.5 389.5 0.984
128.5 390 1
132 390.5 1.017
133 392 1.034
129.5 399.5 1.05
110 422.5 1.067
99.5 439.5 1.084
91.5 460 1.1
92 479.5 1.117
2w 1 2 133
220 70 0.052
231.5 66.5 0.067
244 66 0.084
255.5 64.5 0.1
265 63.5 0.117
272.5 63.5 0.134
276 63.5 0.15
278 64 0.167
275.5 72.5 0.184
263 85.5 0.2
249.5 99 0.217
237.5 111.5 0.234
231.5 120.5 0.25
228.5 126.5 0.267
228.5 129.5 0.284
228.5 131.5 0.3
235.5 132 0.317
245.5 132 0.334
253 132 0.35
257.5 132 0.367
260.5 132 0.384
262 132.5 0.4
261.5 139 0.417
250.5 153.5 0.434
242.5 166.5 0.45
234 179.5 0.467
231.5 188.5 0.484
231.5 194.5 0.5
234.5 200 0.517
245 201.5 0.534
257 202 0.551
266.5 202 0.567
272 202.5 0.584
276 203.5 0.6
277.5 206 0.617
276 215 0.634
265 230.5 0.65
256 246.5 0.667
251 257.5 0.684
249 267 0.7
249 274 0.717
251.5 279 0.734
261.5 281.5 0.75
272.5 282 0.767
279.5 282 0.784
283 282.5 0.8
286 283.5 0.817
286 287 0.834
279 299 0.85
267 314.5 0.867
259.5 327 0.884
254.5 337.5 0.9
253.5 345 0.917
253.5 352 0.934
259.5 356 0.95
271.5 357 0.967
280 357.5 0.984
287 358 1
292.5 359 1.017
295 360.5 1.034
293.5 368 1.05
278 389.5 1.067
263.5 411 1.084
258.5 424 1.1
254 440.5 1.117
86.5 90.5 0
88 88 0.052
104.5 83.5 0.067
119 83 0.084
131 82 0.1
140.5 81.5 0.117
148.5 81.5 0.134
152.5 81.5 0.15
154.5 83.5 0.167
153 93 0.184
141.5 106.5 0.2
130 121.5 0.217
118.5 134 0.234
113 143 0.25
110 148.5 0.267
110 152 0.284
110.5 154 0.3
121.5 154 0.317
132.5 154 0.334
140.5 154 0.35
145.5 154 0.367
149.5 154 0.384
150 155.5 0.4
146.5 165.5 0.417
134.5 180 0.434
125 194.5 0.45
118.5 206.5 0.467
115.5 215.5 0.484
115.5 222 0.5
117 227.5 0.517
125 230 0.534
133.5 231 0.551
144.5 231.5 0.567
149 232.5 0.584
152.5 234.5 0.6
153.5 237.5 0.617
151.5 246.5 0.634
139 261.5 0.65
130.5 274.5 0.667
124.5 289 0.684
122.5 298 0.7
122.5 304 0.717
124.5 309.5 0.734
134.5 312 0.75
145.5 312.5 0.767
152 312.5 0.784
155.5 313 0.8
158 314 0.817
158 317 0.834
154 326.5 0.85
139.5 343 0.867
128.5 358.5 0.884
123 369.5 0.9
121.5 377.5 0.917
121.5 383 0.934
124.5 387 0.95
136.5 388.5 0.967
145 389 0.984
150.5 389.5 1
154.5 389.5 1.017
156 390.5 1.034
156 394.5 1.05
140 414 1.067
130.5 429.5 1.084
120 447.5 1.1
116 458 1.117
116 472.5 1.134
118 484.5 1.15
2w 1 2 106
240.5 54.5 0.052
245 54 0.1
249.5 54 0.117
254.5 54 0.133
258.5 54 0.15
261.5 54 0.167
262.5 56 0.183
262.5 63 0.2
259 80 0.217
249 97 0.233
242 110.5 0.25
237 122 0.267
236 130 0.283
236 135 0.3
239 139.5 0.317
249.5 139.5 0.334
260.5 139.5 0.35
268 139.5 0.367
272.5 139.5 0.384
275 140 0.4
275 143.5 0.417
269.5 154 0.433
257.5 170 0.45
248 185 0.467
243.5 196 0.484
243 204 0.5
243 209.5 0.517
250.5 214.5 0.534
261.5 217 0.55
273.5 219 0.567
281.5 220.5 0.584
286 223 0.6
289.5 226 0.617
289.5 232.5 0.634
281.5 247 0.65
271.5 262 0.667
264 274.5 0.684
259.5 285 0.7
259.5 292.5 0.717
259.5 299 0.733
267.5 303.5 0.75
279.5 305 0.767
291.5 306.5 0.784
298 308.5 0.8
300.5 311.5 0.817
301 316.5 0.834
292 330 0.85
278 347.5 0.867
265 365.5 0.884
257.5 378.5 0.9
253.5 390.5 0.917
253.5 406.5 0.934
107.5 69.5 0
104.5 71.5 0.052
109 72.5 0.1
116 72.5 0.117
121 72.5 0.133
124.5 72.5 0.15
127.5 74 0.167
128.5 79 0.183
127.5 91.5 0.2
117.5 108 0.217
106.5 125.5 0.233
97.5 140.5 0.25
93 151.5 0.267
91.5 159 0.283
91.5 163.5 0.3
94 166.5 0.317
102.5 167 0.334
115 167 0.35
122 167 0.367
126 167 0.384
128.5 167 0.4
129 169.5 0.417
125 179.5 0.433
113 195.5 0.45
102 211.5 0.467
97.5 223.5 0.484
96.5 232.5 0.5
96.5 239.5 0.517
102.5 245 0.534
114 247 0.55
125 248 0.567
133 249.5 0.584
137.5 251 0.6
140.5 253.5 0.617
141 258.5 0.634
135.5 271.5 0.65
125.5 289 0.667
116.5 304.5 0.684
112.5 316 0.7
112.5 324 0.717
112.5 329.5 0.733
117.5 333.5 0.75
129 335.5 0.767
139.5 336.5 0.784
145.5 338 0.8
148 341 0.817
149 346 0.834
143.5 359.5 0.85
127.5 380 0.867
117 396.5 0.884
108 413.5 0.9
106 425 0.917
106 437.5 0.934
114.5 451.5 0.95
2w 1 2 153
232.5 82 0.052
240 81.5 0.067
245.5 81.5 0.084
250.5 81 0.1
255 80.5 0.117
259.5 80.5 0.134
262.5 80.5 0.15
264 80.5 0.167
264.5 81 0.183
264.5 84 0.2
263 92 0.217
253 105.5 0.233
245 116 0.25
240 125.5 0.267
237 132 0.284
236.5 136 0.3
236.5 139.5 0.317
241.5 140.5 0.334
249 140.5 0.35
255 140.5 0.367
260.5 140.5 0.384
262.5 140.5 0.4
263 142 0.417
263 148 0.433
255.5 158.5 0.45
249 169 0.467
247 177 0.484
247 183 0.5
247 188.5 0.517
252 191 0.534
260 192.5 0.55
268.5 193 0.567
273.5 194.5 0.584
277 196.5 0.6
278 198.5 0.617
278 203.5 0.634
273.5 213.5 0.65
266 226.5 0.667
260.5 240 0.684
259.5 248.5 0.7
259.5 254.5 0.717
260 259.5 0.734
267 262 0.75
277 263 0.767
287 263.5 0.784
292.5 264 0.8
296 264.5 0.817
297 266.5 0.834
297 270.5 0.85
289.5 280 0.867
279.5 293.5 0.884
275 303 0.9
274.5 310.5 0.917
274.5 316 0.934
275 319.5 0.95
282.5 322 0.967
294 322.5 0.983
301 324 1
304.5 326 1.017
306 328 1.034
306.5 330.5 1.051
303.5 339 1.067
292 353 1.083
284 364 1.1
280.5 371.5 1.117
280 377 1.134
280 381 1.15
281 384 1.167
288 385 1.183
294 386.5 1.2
298 388 1.217
299.5 389.5 1.233
299.5 392.5 1.25
286.5 412 1.267
279.5 424 1.284
97.5 108 0
97.5 106 0.052
101.5 104.5 0.067
106.5 104.5 0.084
112.5 104.5 0.1
117 104 0.117
121.5 104 0.134
124.5 104 0.15
127.5 104 0.167
128.5 104 0.183
129 105.5 0.2
129 112.5 0.217
123.5 124.5 0.233
115 137 0.25
109 146.5 0.267
105.5 153.5 0.284
104.5 158.5 0.3
104.5 162.5 0.317
105 164.5 0.334
111.5 165 0.35
118 165 0.367
122.5 165 0.384
125 165.5 0.4
125.5 168.5 0.417
125.5 175 0.433
118.5 186 0.45
110 199 0.467
106.5 208.5 0.484
106.5 215.5 0.5
106.5 221.5 0.517
110 225.5 0.534
118.5 227.5 0.55
125.5 228.5 0.567
131.5 229 0.584
135.5 230.5 0.6
136.5 232.5 0.617
136.5 237.5 0.634
133 247 0.65
125 262.5 0.667
120 274.5 0.684
118.5 283.5 0.7
118.5 289.5 0.717
119 295 0.734
126 298 0.75
138.5 298.5 0.767
147 299 0.784
152 299.5 0.8
155.5 300 0.817
156.5 301.5 0.834
156.5 305.5 0.85
148.5 317 0.867
137.5 332.5 0.884
133 343.5 0.9
131 352 0.917
131 357 0.934
131.5 361.5 0.95
141 363.5 0.967
149 364.5 0.983
155 366 1
159.5 366.5 1.017
161.5 367.5 1.034
161.5 370.5 1.051
158 378.5 1.067
147 394 1.083
139.5 406 1.1
135.5 415.5 1.117
135.5 421 1.134
135.5 425 1.15
137 429 1.167
145 430 1.183
150 431.5 1.2
154 432 1.217
155.5 434 1.233
155.5 437.5 1.25
150.5 447.5 1.267
138.5 467 1.284
135 478.5 1.3
135 492 1.317
3h 1 3 78
22 403 0
23.5 403 0.151
26.5 403 0.167
30.5 403.5 0.184
33.5 404 0.201
41 404 0.217
50 404 0.234
60 404 0.251
72 404 0.267
83.5 404 0.284
95 404 0.301
106.5 404 0.318
119.5 403.5 0.334
132.5 403 0.351
145.5 402.5 0.367
157 402 0.384
169 401.5 0.4
178.5 401 0.418
188 400.5 0.434
196.5 400.5 0.45
203.5 400.5 0.467
211 400.5 0.484
219 400.5 0.5
226.5 400.5 0.517
235 400.5 0.534
246 401 0.55
42.5 281 0.017
45.5 282 0.151
47 282.5 0.167
50.5 282 0.184
55.5 282 0.201
63.5 282 0.217
72 282 0.234
85 282 0.251
97 282 0.267
107 282 0.284
121 282 0.301
133.5 282 0.318
146 281.5 0.334
161 280.5 0.351
171.5 280.5 0.367
184.5 279.5 0.384
194.5 279 0.4
204 279 0.418
213 278.5 0.434
222 278 0.45
230 278 0.467
237.5 278 0.484
245 278 0.5
253 278 0.517
263.5 278 0.534
276.5 279 0.55
113 169 0
116.5 168.5 0.151
119 168.5 0.167
123.5 168.5 0.184
129.5 169 0.201
136.5 170 0.217
145.5 171.5 0.234
156 172 0.251
168 172.5 0.267
180 173.5 0.284
191.5 174 0.301
203.5 174.5 0.318
216.5 175 0.334
229.5 175 0.351
242 175 0.367
254.5 175 0.384
264 175 0.4
273.5 175 0.418
280 175 0.434
289 175 0.45
298 174.5 0.467
305.5 174.5 0.484
311 174.5 0.5
314.5 174.5 0.517
317 174.5 0.534
317.5 175 0.55
3h 1 3 76
7.5 267.5 0.015
8.5 268.5 0.032
13 269.5 0.082
16.5 269.5 0.099
21.5 269.5 0.115
26.5 269.5 0.132
32.5 269.5 0.149
39 269.5 0.165
47.5 269.5 0.182
57.5 269.5 0.198
68.5 269.5 0.215
80.5 269.5 0.232
93 269.5 0.248
105.5 269 0.265
119 269 0.282
132.5 269 0.299
146 269 0.315
158.5 269 0.332
170.5 269 0.349
180.5 269 0.365
192.5 269 0.382
201 269 0.398
210 269 0.415
218 269 0.432
227.5 270.5 0.448
241 275 0.465
2.5 397.5 0.115
3.5 398 0.132
4 398.5 0.149
9 398.5 0.165
20 398.5 0.182
30.5 398.5 0.198
40 398.5 0.215
53 398.5 0.232
65 398 0.248
77 397.5 0.265
90.5 397 0.282
104 397 0.299
117.5 397 0.315
130.5 396.5 0.332
142.5 396 0.349
153 396 0.365
164.5 396 0.382
173 396 0.398
180.5 396 0.415
188.5 396 0.432
196 396.5 0.448
205.5 398.5 0.465
219.5 404 0.482
100.5 158 0
94 158 0.015
93.5 158 0.032
94 158 0.099
96 158 0.115
100 158 0.132
105 158 0.149
111.5 158 0.165
118 158.5 0.182
127 159.5 0.198
138 161 0.215
150 161.5 0.232
163 162 0.248
177 162.5 0.265
190 163 0.282
203 164 0.299
216.5 164.5 0.315
228.5 165 0.332
241 165 0.349
250.5 165 0.365
261 165.5 0.382
270.5 166.5 0.398
276.5 168 0.415
283 168.5 0.432
288.5 169.5 0.448
296 171.5 0.465
306.5 176 0.482
3h 1 3 72
2 379 0.117
3.5 380 0.134
4 380.5 0.15
10.5 380.5 0.167
22.5 380.5 0.184
31.5 380.5 0.2
41.5 380.5 0.217
54.5 380.5 0.234
66 380.5 0.25
75.5 380.5 0.267
87.5 380.5 0.284
99.5 380 0.3
109 380 0.317
122 379 0.334
134.5 378.5 0.351
146.5 378.5 0.367
159.5 378.5 0.419
188.5 378.5 0.434
201.5 378.5 0.45
211 378.5 0.467
223.5 378.5 0.484
83.5 149.5 0
84 149 0.017
86 149.5 0.068
86.5 149 0.084
90.5 148.5 0.1
95 148.5 0.117
100 148.5 0.134
106 148.5 0.15
114.5 148.5 0.167
122.5 149.5 0.184
131.5 150 0.2
140.5 151 0.217
152.5 152 0.234
164.5 152.5 0.25
176.5 153 0.267
188 153.5 0.284
200.5 153.5 0.3
212.5 153.5 0.317
227.5 153.5 0.334
239.5 153.5 0.351
253 153.5 0.367
267 153.5 0.419
305 153.5 0.434
314.5 153.5 0.45
317.5 154 0.467
318 154.5 0.484
14.5 257.5 0.017
20.5 258 0.068
25.5 258 0.084
31 258 0.1
35 258 0.117
39 258 0.134
44.5 258 0.15
51.5 258 0.167
59 258 0.184
67 258 0.2
76 258.5 0.217
88 258.5 0.234
99.5 258.5 0.25
110 259 0.267
122.5 259 0.284
134 259 0.3
145.5 259 0.317
158.5 259 0.334
170.5 259 0.351
184 259 0.367
197.5 259 0.419
227 259 0.434
239.5 259 0.45
248.5 259 0.467
265.5 261.5 0.484
3h 1 3 111
104 145.5 0
104.5 145 0.017
107 146 0.1
108.5 146.5 0.117
112.5 146.5 0.134
116 146.5 0.15
119.5 148 0.167
126 148 0.219
141 148.5 0.234
149 149 0.25
157 149 0.267
164 149 0.284
172 149 0.3
179.5 149 0.317
186 149.5 0.334
195.5 149.5 0.35
203 149.5 0.367
210 149.5 0.384
219 149.5 0.4
228 149.5 0.417
236 149.5 0.434
244 149.5 0.45
250 150 0.467
260.5 150 0.484
267.5 150 0.5
274 150 0.517
280 150 0.534
286.5 150.5 0.55
296.5 150.5 0.567
304 150.5 0.584
308 150.5 0.6
312 150.5 0.617
315 150.5 0.634
317 151 0.65
317.5 151 0.667
318 151 0.684
35 250.5 0.017
35.5 251 0.034
39 251.5 0.1
41.5 251.5 0.117
44.5 251.5 0.134
49 251.5 0.15
53.5 251.5 0.167
59.5 251.5 0.219
73.5 251.5 0.234
81 251.5 0.25
89 251.5 0.267
96 251.5 0.284
103.5 251.5 0.3
110.5 251.5 0.317
118.5 251.5 0.334
128 251.5 0.35
135 251.5 0.367
142 251.5 0.384
151.5 251.5 0.4
161 251.5 0.417
169 251.5 0.434
176.5 251.5 0.45
184.5 251.5 0.467
194 251.5 0.484
200.5 251.5 0.5
206 251.5 0.517
213 251.5 0.534
219 251.5 0.55
226.5 251.5 0.567
231.5 251.5 0.584
236 251.5 0.6
241 251.5 0.617
244.5 251.5 0.634
248.5 251.5 0.65
252.5 251.5 0.667
261 251.5 0.684
268.5 252.5 0.7
4.5 375 0
5.5 375 0.017
6 375 0.034
7.5 375 0.1
8.5 374.5 0.117
11 374.5 0.134
15.5 374.5 0.15
22.5 374.5 0.167
28.5 374.5 0.219
45.5 374.5 0.234
53.5 374.5 0.25
61 374.5 0.267
68 374.5 0.284
75.5 374.5 0.3
83.5 374.5 0.317
92 374.5 0.334
100 374 0.35
106.5 374 0.367
114.5 373.5 0.384
123 373.5 0.4
131 373 0.417
138 373 0.434
146 373 0.45
154.5 373 0.467
162.5 372.5 0.484
169 372.5 0.5
176 372.5 0.517
182.5 372 0.534
189 372 0.55
195.5 371.5 0.567
201 371.5 0.584
205.5 371.5 0.6
210.5 371.5 0.617
214 371.5 0.634
218.5 371.5 0.65
223 371.5 0.667
229.5 371.5 0.684
238.5 371.5 0.7
3h 1 3 88
101 147 0
101.5 148 0.017
101 148 0.034
104 148 0.134
106.5 148 0.151
109.5 148 0.167
113.5 148 0.184
118 148 0.2
126 148 0.217
132 148 0.234
139 148 0.251
147 148 0.267
158 148 0.284
166 148 0.301
175 148 0.317
185 148 0.334
196.5 148 0.351
205 148 0.367
215.5 148 0.384
227.5 148 0.401
237 148 0.417
247 148 0.434
259 147.5 0.451
268 147 0.467
277 147 0.484
285.5 147 0.501
297 146.5 0.552
312 146 0.567
316.5 146 0.584
29 255.5 0.017
29.5 255.5 0.034
33.5 255 0.134
36 255 0.151
39 255 0.167
43 255 0.184
48.5 255 0.2
56.5 255 0.217
62.5 255 0.234
70 255 0.251
78.5 254.5 0.267
89 253 0.284
97 252.5 0.301
105.5 252 0.317
115 251.5 0.334
126.5 250.5 0.351
135 250 0.367
145 249.5 0.384
157 248.5 0.401
166.5 248.5 0.417
176.5 248 0.434
188.5 247.5 0.451
197.5 247 0.467
206 246.5 0.484
215.5 246 0.501
226 245.5 0.552
249.5 244.5 0.567
262.5 244.5 0.584
278.5 244.5 0.6
3 378 0.017
3.5 378.5 0.034
6.5 379 0.134
7 379 0.151
12 379 0.167
17.5 379 0.184
25.5 378.5 0.2
31.5 378.5 0.217
39 378.5 0.234
47.5 378.5 0.251
56.5 378.5 0.267
64.5 378.5 0.284
72.5 378.5 0.301
81.5 378 0.317
91 377 0.334
100.5 376.5 0.351
109.5 375.5 0.367
121 375 0.384
130.5 374.5 0.401
139.5 374 0.417
151.5 373.5 0.434
162 373 0.451
170.5 372.5 0.467
180.5 372 0.484
189.5 371.5 0.501
199 371 0.552
225 370 0.567
236 369.5 0.584
247 369.5 0.6
264.5 369.5 0.617
3hv 1 6 184
99.5 151.5 0.034
103 153 0.151
106 153 0.167
110.5 153 0.184
116 153 0.201
121.5 153 0.217
129.5 153 0.234
137.5 153 0.251
147.5 153 0.267
158.5 153 0.284
170 153 0.301
182 153 0.317
194.5 153 0.334
207 153 0.351
219.5 153 0.367
231 152.5 0.384
240.5 152 0.401
252.5 151 0.417
263.5 150.5 0.434
273.5 149 0.451
281.5 148.5 0.468
295.5 146.5 0.484
306 145 0.501
312 144.5 0.517
315.5 144 0.534
317.5 144 0.551
3 268 0.017
4.5 268.5 0.034
8.5 269 0.151
11.5 268.5 0.167
16.5 268.5 0.184
23.5 268.5 0.201
30.5 268.5 0.217
37.5 268 0.234
45.5 267.5 0.251
56.5 266 0.267
66.5 264.5 0.284
77.5 263.5 0.301
92 260.5 0.317
102.5 259 0.334
114.5 257 0.351
127 256 0.367
138 254.5 0.384
150 252.5 0.401
162 251 0.417
173.5 249.5 0.434
185.5 247.5 0.451
196 246.5 0.468
204.5 245 0.484
215 244 0.501
223.5 243 0.517
233 242 0.534
242.5 241 0.551
256.5 240.5 0.567
275.5 240.5 0.584
4.5 393 0
6.5 391.5 0.017
7 391.5 0.034
9.5 390.5 0.151
12.5 390.5 0.167
17.5 390.5 0.184
24 390.5 0.201
31 389.5 0.217
37 389 0.234
45.5 388 0.251
56 385.5 0.267
65.5 384.5 0.284
75.5 383 0.301
89 379.5 0.317
99.5 378 0.334
110.5 376 0.351
122.5 374 0.367
134.5 373 0.384
146 371 0.401
157.5 369 0.417
168.5 367.5 0.434
178.5 366 0.451
190 364.5 0.468
200 363 0.484
209 362 0.501
217.5 361 0.517
226.5 360.5 0.534
235 359.5 0.551
244 359 0.567
255.5 357 0.584
62.5 102.5 1.084
62 102.5 1.101
61 105.5 1.135
60.5 106.5 1.151
60 111 1.168
60 116.5 1.185
60 123 1.201
60 131 1.218
60 141.5 1.235
60 153.5 1.251
60.5 170.5 1.268
61 188 1.284
61.5 206 1.301
63.5 223 1.318
65 240 1.334
66.5 255.5 1.351
68 272 1.368
69.5 287.5 1.384
71 302.5 1.401
72 315.5 1.418
73 329 1.434
74 342.5 1.451
75 356 1.468
75.5 368.5 1.484
76.5 379.5 1.501
77 389 1.518
77 397.5 1.534
77 404 1.551
77.5 411 1.568
77.5 417 1.584
77.5 423 1.601
77.5 430 1.617
78 441 1.634
182.5 78 1.101
182 81.5 1.135
182 84.5 1.151
182 88 1.168
182 92.5 1.185
182 99.5 1.201
182 107.5 1.218
182 119 1.235
182 132 1.251
182 148 1.268
182 165 1.284
184 181 1.301
185 194 1.318
186.5 211 1.334
187 226 1.351
187.5 243 1.368
188.5 258.5 1.384
189 271 1.401
190.5 285 1.418
191 297.5 1.434
192 309.5 1.451
192.5 322 1.468
193 334 1.484
193.5 345 1.501
194 356.5 1.518
194 364.5 1.534
194.5 371.5 1.551
195 378.5 1.568
195 385 1.584
195 391 1.601
195.5 396 1.617
195.5 403.5 1.634
300 53.5 1.067
300 55 1.101
300 58.5 1.135
300 62 1.151
300 67 1.168
300 73.5 1.185
300.5 82 1.201
301 93 1.218
303 108 1.235
304 124 1.251
305 142 1.268
305.5 160 1.284
307.5 177.5 1.301
308 191.5 1.318
309 206.5 1.334
310 222.5 1.351
311 237.5 1.368
311.5 250.5 1.384
312 265 1.401
312.5 278.5 1.418
313 290.5 1.434
313.5 302 1.451
313.5 314 1.468
313.5 326 1.484
313.5 338.5 1.501
313.5 347 1.518
313.5 355 1.534
313.5 362.5 1.551
313.5 368.5 1.568
313.5 373.5 1.584
313.5 377.5 1.601
313.5 380.5 1.617
313.5 383.5 1.634
313.5 393 1.651
3hv 1 6 205
72.5 151 0
73 151 0.017
76 150.5 0.067
80 150.5 0.084
84 150.5 0.1
88 150.5 0.117
93.5 150.5 0.134
98.5 150.5 0.15
105 151.5 0.167
114 152 0.183
124.5 153 0.2
135.5 153.5 0.217
148.5 154 0.233
160 154 0.25
169.5 154 0.267
180 154 0.284
189.5 154 0.3
200.5 154 0.317
210 154 0.334
220 154 0.35
231.5 154 0.366
240 154 0.383
249 154 0.4
258 154 0.417
269 154 0.433
277 154 0.45
286.5 154 0.467
299.5 154 0.484
307.5 154 0.5
312.5 154 0.517
316 154 0.533
317.5 154 0.55
4 267.5 0
4 268 0.017
5 267.5 0.067
6 267.5 0.084
7 267 0.1
9 267 0.117
14 267 0.134
23 267 0.15
31 267 0.167
38 267 0.183
49 267 0.2
60.5 266.5 0.217
69.5 266 0.233
80.5 265.5 0.25
92.5 264 0.267
102 263 0.284
112 262 0.3
123.5 261 0.317
133 260.5 0.334
144 260.5 0.35
156.5 259 0.366
168 259 0.383
177 259 0.4
188.5 258.5 0.417
197.5 257.5 0.433
207 257.5 0.45
215.5 257.5 0.467
225.5 257.5 0.484
233.5 257.5 0.5
241.5 257.5 0.517
251 257.5 0.533
264.5 257.5 0.55
276.5 257.5 0.567
26.5 394 0
27 394 0.017
29 394 0.067
29.5 394 0.084
31 394 0.1
33.5 394 0.117
37 394 0.134
41.5 394 0.15
47 394 0.167
55.5 394 0.183
63.5 394 0.2
72 393.5 0.217
81.5 393 0.233
92.5 392.5 0.25
102.5 391 0.267
111.5 390 0.284
122.5 388.5 0.3
133 387 0.317
141.5 386.5 0.334
153.5 386 0.35
164.5 384 0.366
173 384 0.383
183 383.5 0.4
194.5 381 0.417
203 381 0.433
212 381 0.45
221 381 0.467
230 381 0.484
239 381 0.5
244.5 381 0.517
251.5 381 0.533
260.5 380.5 0.55
266.5 380.5 0.567
179 82.5 1.05
179 84.5 1.117
179 86 1.134
179 88.5 1.15
179 92 1.167
179 97.5 1.184
179 103.5 1.2
179 111.5 1.217
179.5 120.5 1.234
180 132 1.25
180.5 144 1.267
181.5 158 1.284
182 171.5 1.3
182.5 185 1.317
183 198 1.334
183 211.5 1.35
183 225.5 1.367
183 243 1.384
183 256 1.4
183 271 1.417
183 285.5 1.434
183 299.5 1.45
183 313 1.467
183 325.5 1.484
183 338.5 1.5
183 350.5 1.517
183 363 1.534
183 372.5 1.55
183 382.5 1.567
183 392.5 1.584
183 399.5 1.6
183 406 1.617
183 411.5 1.634
183 415 1.65
183 419.5 1.667
58 100.5 1.05
58 101.5 1.117
58 102 1.134
58 103 1.15
58 105 1.167
58 109.5 1.184
58 116.5 1.2
58.5 125 1.217
59.5 135 1.234
60 146 1.25
61.5 159 1.267
63 175 1.284
65 189.5 1.3
65.5 202 1.317
66 215.5 1.334
66.5 229.5 1.35
67 246.5 1.367
67 262 1.384
67 278 1.4
67 290.5 1.417
67 305.5 1.434
67 320 1.45
67.5 333.5 1.467
67.5 345.5 1.484
67.5 358.5 1.5
67.5 370.5 1.517
68 382 1.534
68.5 394.5 1.55
68.5 404 1.567
68.5 413.5 1.584
68.5 420.5 1.6
69 427.5 1.617
69 432.5 1.634
69 436.5 1.65
69.5 444.5 1.667
285.5 82.5 1.033
289 83 1.05
290 86 1.117
290 88.5 1.134
290 91.5 1.15
290 96 1.167
290 101.5 1.184
290 109 1.2
290 116.5 1.217
290 126 1.234
290 135.5 1.25
290 148 1.267
290 160.5 1.284
290.5 173 1.3
291.5 186 1.317
292 198.5 1.334
292.5 211.5 1.35
293 224.5 1.367
293 239 1.384
293 253 1.4
293 267 1.417
293 281 1.434
293 294 1.45
293 307.5 1.467
293 321 1.484
293 334.5 1.5
293 347 1.517
293 359 1.534
293 368.5 1.55
293 377.5 1.567
293 385.5 1.584
293 393.5 1.6
293 399 1.617
293 403.5 1.634
293 407 1.65
293 409.5 1.667
292.5 415 1.684
3hv 1 6 166
2 275.5 0.05
3 275.5 0.083
5 275.5 0.1
6 275.5 0.117
11.5 275.5 0.133
21 275.5 0.15
29.5 275.5 0.167
37.5 275.5 0.184
46.5 275.5 0.2
56.5 275 0.252
90 273.5 0.267
104.5 271.5 0.283
116.5 270.5 0.3
131 268.5 0.317
141.5 267.5 0.333
154.5 266.5 0.35
167.5 265 0.367
178 264.5 0.384
192.5 263 0.4
202.5 263 0.417
214 263 0.433
230 262.5 0.45
10.5 410.5 0
12 410.5 0.05
15.5 410.5 0.083
19 410.5 0.1
24.5 410.5 0.117
30 410.5 0.133
35.5 410.5 0.15
42 410.5 0.167
50.5 410.5 0.184
59 410.5 0.2
67.5 410.5 0.252
96 409.5 0.267
108.5 408.5 0.283
120.5 407 0.3
134 405.5 0.317
146 404 0.333
157.5 402 0.35
169.5 400.5 0.367
181 399 0.384
192.5 398 0.4
203.5 396.5 0.417
212.5 396 0.433
226 395 0.45
72 153.5 0
73 154.5 0.05
74.5 154.5 0.083
78 154.5 0.1
83 154.5 0.117
88.5 154.5 0.133
94.5 154.5 0.15
101 154.5 0.167
109 154.5 0.184
117.5 154.5 0.2
127 154.5 0.252
163 155 0.267
178.5 155.5 0.283
192 155.5 0.3
204 155.5 0.317
218 155.5 0.333
230 155.5 0.35
243 155.5 0.367
255.5 155.5 0.384
267.5 155.5 0.4
278 155.5 0.417
291.5 155.5 0.433
304 155.5 0.45
310.5 155.5 0.467
316.5 158.5 0.483
273.5 103.5 0.95
274 101.5 0.967
275.5 101 0.983
277 104.5 1.05
277 108 1.067
277 114.5 1.084
276 122.5 1.1
273 132.5 1.117
273 144 1.134
271 158 1.15
271 171.5 1.167
271 185.5 1.183
271 200 1.2
271.5 215 1.217
272.5 229.5 1.234
273 245 1.25
274 260 1.267
274.5 274 1.284
275 288.5 1.3
275.5 303 1.317
276 317 1.334
276 333.5 1.35
276.5 348.5 1.367
276.5 364 1.383
276.5 375.5 1.4
276.5 389 1.417
276.5 400.5 1.433
276.5 409 1.45
276.5 417.5 1.467
276.5 423.5 1.484
276.5 429.5 1.5
276.5 433.5 1.517
276.5 437.5 1.534
34.5 118.5 0.983
35.5 123.5 1.05
35.5 127 1.067
35.5 132 1.084
35.5 141 1.1
35.5 152.5 1.117
35.5 165.5 1.134
35.5 179.5 1.15
35.5 196.5 1.167
35.5 209 1.183
35.5 225 1.2
36.5 240 1.217
37.5 255.5 1.234
38.5 272 1.25
39.5 288 1.267
40 303.5 1.284
40.5 318.5 1.3
41 331 1.317
41 344.5 1.334
41 360.5 1.35
41 373 1.367
41 387 1.383
41 401.5 1.4
41 415.5 1.417
41 427.5 1.433
41 436.5 1.45
41 446 1.467
41 454 1.484
41 460 1.5
41.5 467.5 1.517
41.5 478.5 1.534
155 102 0.967
158.5 100.5 0.983
159 104.5 1.05
159 108.5 1.067
159 113 1.084
159 121.5 1.1
156 132 1.117
156 143.5 1.134
154.5 158 1.15
154.5 172 1.167
154.5 186 1.183
154.5 200.5 1.2
155 213 1.217
156.5 229 1.234
157 244.5 1.25
158 257.5 1.267
158.5 272 1.284
159 287 1.3
159 303 1.317
159 316.5 1.334
159 333 1.35
159 346 1.367
159 363 1.383
159 375 1.4
159 388.5 1.417
158.5 400 1.433
158.5 409 1.45
158.5 416.5 1.467
158.5 424 1.484
158.5 430.5 1.5
158.5 435 1.517
158.5 443 1.534
3hv 1 6 170
3.5 238 0.017
5.5 237.5 0.117
6.5 237 0.134
12 237 0.15
22 237 0.167
29.5 236.5 0.184
36.5 235.5 0.2
46.5 234.5 0.217
59 232.5 0.234
69 231 0.25
80.5 229.5 0.267
93 228.5 0.284
105 228 0.3
118 227 0.317
131.5 226.5 0.334
144 225 0.35
157 223.5 0.367
169 223 0.384
178.5 222.5 0.4
189 222.5 0.417
199.5 222 0.434
210 222 0.45
227.5 222 0.502
11.5 373.5 0
11 374 0.017
13 373.5 0.117
17 373 0.134
22 373 0.15
29.5 373 0.167
36.5 372.5 0.184
44.5 371.5 0.2
54 370 0.217
63 369 0.234
72 367.5 0.25
83.5 366.5 0.267
94.5 365 0.284
106 364 0.3
118.5 363 0.317
131.5 361.5 0.334
142.5 359.5 0.35
154.5 357.5 0.367
165.5 356.5 0.384
173.5 355.5 0.4
181 355 0.417
190 353.5 0.434
198 352 0.45
207 351 0.502
87.5 114.5 0
87 115.5 0.017
91.5 116 0.117
95.5 116 0.134
100 116 0.15
105.5 116 0.167
114 116 0.184
122.5 116.5 0.2
131.5 117 0.217
141.5 117.5 0.234
154 118.5 0.25
165.5 118.5 0.267
178 119 0.284
192 119.5 0.3
204.5 119.5 0.317
218 119.5 0.334
230.5 119.5 0.35
240.5 119.5 0.367
251.5 120 0.384
263.5 120 0.4
273.5 120 0.417
284 120.5 0.434
301.5 120.5 0.45
311 121 0.502
10.5 104.5 0.95
10 108.5 1.034
10.5 112 1.05
10.5 118.5 1.067
11 125 1.084
11.5 134 1.1
13 147 1.117
14.5 163.5 1.134
17.5 179 1.15
20.5 193.5 1.167
23.5 208 1.184
27 221.5 1.2
28.5 237 1.217
30.5 252 1.234
31 267 1.25
32.5 281.5 1.267
33 292.5 1.284
34 304.5 1.3
35 316 1.317
35.5 327.5 1.334
36 339 1.35
36.5 350 1.367
37 361.5 1.384
37.5 370.5 1.4
38 380 1.417
38.5 390.5 1.434
39 399 1.45
39.5 406 1.467
39.5 413.5 1.484
39.5 420 1.5
39.5 427 1.517
40 435 1.534
41.5 445.5 1.55
137.5 85.5 0.95
138 93 1.034
138 98 1.05
138 105 1.067
138 113 1.084
138 124.5 1.1
138.5 135.5 1.117
140 148 1.134
142 164 1.15
144.5 177.5 1.167
145.5 189.5 1.184
147 203 1.2
148 217 1.217
150.5 232.5 1.234
150.5 245 1.25
151.5 259.5 1.267
152.5 270.5 1.284
153 282.5 1.3
153.5 293.5 1.317
154 305 1.334
154 316 1.35
154 327 1.367
154 336.5 1.384
154.5 346.5 1.4
155 356.5 1.417
155 365.5 1.434
155 374 1.45
155 381 1.467
155 388 1.484
155 393.5 1.5
155 398.5 1.517
155 402.5 1.534
155.5 409.5 1.55
259 89.5 0.95
260 98.5 1.034
260 103 1.05
260 111 1.067
260 119.5 1.084
260 129.5 1.1
260 143 1.117
260 160 1.134
261 175.5 1.15
263 190 1.167
264 203 1.184
265.5 216.5 1.2
266.5 229.5 1.217
268.5 244.5 1.234
268.5 255.5 1.25
270.5 269.5 1.267
271 281 1.284
271.5 292 1.3
272 303 1.317
272.5 313 1.334
273 323.5 1.35
273 333.5 1.367
273.5 343 1.384
273.5 353 1.4
274 362.5 1.417
274.5 371 1.434
274.5 378.5 1.45
274.5 386.5 1.467
274.5 392.5 1.484
274.5 398 1.5
274.5 401.5 1.517
274.5 404.5 1.534
275 409.5 1.55
3hv 1 6 191
87 202 0
90.5 200 0.067
94 200 0.084
97.5 200 0.1
101 200 0.117
106 200 0.134
112.5 200 0.15
120 200 0.167
128.5 200 0.183
136.5 200 0.2
148.5 200.5 0.217
160 201 0.233
171.5 201 0.25
184.5 201 0.267
196.5 201 0.283
209 201 0.3
221 201 0.317
233 201 0.334
243 201 0.35
255.5 201 0.367
266.5 201 0.384
276 201 0.4
288 201 0.417
304 201 0.433
311.5 200.5 0.45
316.5 200.5 0.467
2 328.5 0
4.5 328 0.067
5 327 0.084
6 326.5 0.1
9 326 0.117
15.5 326 0.134
24.5 326 0.15
33 325 0.167
41 324.5 0.183
51 323.5 0.2
61.5 322.5 0.217
71.5 321.5 0.233
83.5 320 0.25
95.5 318.5 0.267
106.5 317 0.283
119 315.5 0.3
131.5 315 0.317
142.5 314 0.334
155.5 312.5 0.35
167.5 311.5 0.367
177 310 0.384
189 309 0.4
199.5 308.5 0.417
208.5 307 0.433
220 305 0.45
232.5 303.5 0.467
247 303 0.483
268.5 303 0.5
5 467.5 0
6 466.5 0.067
7 465.5 0.084
8 465 0.1
13 465 0.117
21 464 0.134
29 463.5 0.15
35.5 462.5 0.167
45 461.5 0.183
54.5 461 0.2
64 460 0.217
74.5 459 0.233
86 457 0.25
97 455.5 0.267
107.5 453.5 0.283
119 452.5 0.3
130 450.5 0.317
141.5 449.5 0.334
154 448 0.35
165.5 446.5 0.367
175 445.5 0.384
185.5 444 0.4
196.5 442 0.417
207 440 0.433
217.5 437.5 0.45
229 435 0.467
238.5 434 0.483
249 433 0.5
147.5 98.5 1.002
148.5 104 1.033
148.5 109 1.05
148.5 114.5 1.067
148.5 121.5 1.083
148.5 130.5 1.1
148.5 142 1.117
148.5 155.5 1.133
148.5 172.5 1.15
148.5 188.5 1.167
148.5 202.5 1.183
151 220.5 1.2
152 236.5 1.217
152.5 252 1.233
153 264.5 1.25
153 279.5 1.267
153 293 1.284
153 305.5 1.3
153.5 318 1.317
154 329.5 1.333
155 340.5 1.35
155.5 352.5 1.367
156 361.5 1.383
156.5 371.5 1.4
157 380 1.417
157.5 389 1.433
158 396.5 1.45
158.5 404.5 1.467
158.5 410.5 1.484
158.5 417.5 1.5
158.5 423.5 1.517
158.5 429 1.534
158.5 433.5 1.55
158.5 437 1.567
158.5 440 1.583
159.5 444 1.6
27 121.5 1.002
28.5 125.5 1.033
28.5 130.5 1.05
29 136.5 1.067
29.5 144 1.083
30.5 153 1.1
31 166 1.117
31.5 180 1.133
32 196.5 1.15
33 212 1.167
34 228.5 1.183
35.5 246.5 1.2
36 263 1.217
36.5 279.5 1.233
37 295.5 1.25
37.5 310.5 1.267
38 323.5 1.284
38.5 336.5 1.3
39.5 349.5 1.317
40.5 361 1.333
41 372.5 1.35
42 383.5 1.367
42.5 395 1.383
43.5 404 1.4
44.5 413.5 1.417
45 421.5 1.433
45.5 429 1.45
46 437 1.467
46.5 443.5 1.484
46.5 449.5 1.5
46.5 455.5 1.517
46.5 461 1.534
46.5 466 1.55
46.5 469.5 1.567
46.5 474 1.583
47 483 1.6
263 96.5 0.95
262.5 96 1.002
263.5 102.5 1.033
263.5 108.5 1.05
263.5 115 1.067
263.5 123 1.083
263.5 133 1.1
263.5 149.5 1.117
263.5 167 1.133
264 184.5 1.15
264.5 201 1.167
265.5 216.5 1.183
267.5 231.5 1.2
268.5 245.5 1.217
269.5 260 1.233
270.5 274.5 1.25
271 289 1.267
271 302 1.284
271.5 315 1.3
271.5 327.5 1.317
272.5 338.5 1.333
273 349.5 1.35
273.5 360.5 1.367
274.5 369 1.383
275 378 1.4
275.5 387 1.417
276 395 1.433
276.5 401.5 1.45
277 408.5 1.467
277 415 1.484
277 420.5 1.5
277 426.5 1.517
277 431.5 1.534
277 436.5 1.55
277 440.5 1.567
277 443.5 1.583
277 447 1.6
3v 1 3 81
164.5 74.5 0.015
165 76.5 0.032
164.5 81.5 0.065
164.5 87 0.082
164.5 94 0.098
164.5 104 0.115
164.5 115.5 0.132
164 129 0.148
164 146 0.165
163.5 165 0.182
163.5 187.5 0.198
163.5 209.5 0.215
163.5 232.5 0.232
163.5 251.5 0.248
163.5 270 0.265
162 291 0.282
161 308 0.299
160 328.5 0.315
160 353.5 0.332
160 371 0.348
160 389 0.365
160 404 0.382
160 415 0.398
160 423 0.415
160 430 0.432
160.5 438.5 0.448
289.5 76 0
290.5 75 0.015
291 75.5 0.032
291 81 0.065
291 88 0.082
291 96 0.098
291 109.5 0.115
291.5 123 0.132
292 139.5 0.148
292.5 157.5 0.165
294 179.5 0.182
296 201 0.198
297 222.5 0.215
297 245 0.232
297 263.5 0.248
297 283.5 0.265
295.5 302 0.282
294 321.5 0.299
293 341 0.315
292.5 364.5 0.332
292.5 382 0.348
292 399.5 0.365
291.5 411.5 0.382
291 421.5 0.398
290.5 429.5 0.415
290 435.5 0.432
290 439.5 0.448
290 445.5 0.465
44.5 107.5 0.015
44.5 109 0.032
44.5 116 0.065
44.5 124 0.082
44.5 133 0.098
44.5 143.5 0.115
44.5 155 0.132
44.5 168 0.148
45 184.5 0.165
45.5 203 0.182
48.5 226 0.198
49.5 250 0.215
50 273 0.232
50 291.5 0.248
50 310 0.265
50 329 0.282
49.5 347.5 0.299
47.5 366.5 0.315
47 385.5 0.332
47 405.5 0.348
47 422.5 0.365
47 435 0.382
47 445 0.398
47 454.5 0.415
47 462.5 0.432
47 475 0.448
47 487.5 0.465
3v 1 3 108
153 73.5 0.015
152.5 74.5 0.032
152.5 77 0.065
152 81 0.082
152 85.5 0.098
152 93 0.115
152 103 0.132
152 116 0.148
151.5 130.5 0.165
151 147.5 0.182
150.5 163.5 0.198
150.5 179.5 0.215
150 193 0.232
150 208.5 0.248
150 224 0.265
150 238.5 0.282
150 252 0.298
150.5 264.5 0.315
151 278.5 0.332
152 295 0.348
153.5 309 0.365
154.5 324 0.382
155.5 335.5 0.398
157 347.5 0.415
157.5 358 0.432
158 368 0.448
158.5 377 0.465
158.5 386 0.482
158.5 395 0.498
158.5 403 0.515
158.5 409 0.532
158.5 415.5 0.549
158.5 420.5 0.565
158.5 424 0.582
158.5 427.5 0.598
267 53 0
268.5 51.5 0.015
269 52 0.032
269.5 53.5 0.065
269.5 57.5 0.082
269.5 63 0.098
269.5 72.5 0.115
269.5 83.5 0.132
269.5 96.5 0.148
269.5 113.5 0.165
269.5 130.5 0.182
269.5 148.5 0.198
269.5 166.5 0.215
269.5 184 0.232
269.5 198 0.248
270.5 214 0.265
270.5 228.5 0.282
272 242.5 0.298
273 255 0.315
274 271 0.332
275.5 286 0.348
276 299 0.365
277 313 0.382
278 325.5 0.398
278.5 337.5 0.415
279 347 0.432
279.5 357.5 0.448
280 367 0.465
280 375.5 0.482
280 383.5 0.498
280 391 0.515
280 397.5 0.532
280 403 0.549
280 407 0.565
280 410 0.582
280 411.5 0.598
280 413 0.615
37 107.5 0.015
37 108.5 0.032
37.5 110.5 0.065
38 114.5 0.082
38 120 0.098
38 127 0.115
38 137.5 0.132
38 150 0.148
38 164 0.165
38 180.5 0.182
38 193.5 0.198
38 211.5 0.215
38 227 0.232
38 243 0.248
38 256.5 0.265
38 270 0.282
38.5 284 0.298
39.5 297.5 0.315
40 311.5 0.332
40.5 327 0.348
41 340 0.365
42.5 354 0.382
43 366.5 0.398
44.5 378 0.415
45 387 0.432
45.5 397 0.448
46 406.5 0.465
46 415.5 0.482
46 424 0.498
46 431.5 0.515
46 438.5 0.532
46 444 0.549
46 448.5 0.565
46 452.5 0.582
46 457.5 0.598
46 467 0.615
3v 1 3 117
291 89.5 0
290.5 86 0.034
290.5 85.5 0.051
291 87 0.117
291.5 88 0.134
291.5 88.5 0.151
291.5 92 0.167
291.5 97 0.184
291.5 107.5 0.201
291.5 120 0.217
291.5 136.5 0.234
291.5 152.5 0.251
291.5 169.5 0.267
291.5 185 0.284
291.5 198 0.301
291.5 211.5 0.317
291.5 225 0.334
291.5 239 0.351
291.5 252.5 0.367
291.5 266 0.384
291.5 279.5 0.401
291.5 292.5 0.417
291.5 305.5 0.434
292 318.5 0.451
292.5 331 0.467
292.5 343.5 0.484
292.5 356 0.501
292.5 367.5 0.517
292.5 376.5 0.534
292.5 386 0.551
292.5 394.5 0.567
292.5 401 0.584
292 406.5 0.601
291.5 411.5 0.617
291 415 0.634
290 418.5 0.651
289.5 421 0.667
289 423 0.684
289 425 0.701
288.5 428.5 0.717
36.5 107.5 0.034
36 107 0.051
36 109.5 0.117
36 113 0.134
36 117.5 0.151
36 125 0.167
36.5 132.5 0.184
37.5 142.5 0.201
38 154 0.217
39 170 0.234
40 185.5 0.251
40.5 202 0.267
41 217.5 0.284
42.5 232.5 0.301
43 245.5 0.317
43.5 258.5 0.334
43.5 273 0.351
44 286.5 0.367
44 299.5 0.384
44 313.5 0.401
45 326 0.417
45 339 0.434
45.5 352.5 0.451
45.5 365 0.467
45.5 377.5 0.484
45.5 390 0.501
45.5 401.5 0.517
45.5 412.5 0.534
45.5 421 0.551
45.5 428.5 0.567
45.5 435.5 0.584
45.5 441.5 0.601
45.5 447 0.617
45.5 452 0.634
45.5 456.5 0.651
45.5 460.5 0.667
45.5 463.5 0.684
45.5 468 0.701
45.5 476.5 0.717
160 68.5 0.051
160 76.5 0.117
160 78 0.134
160 82.5 0.151
160 88.5 0.167
160 96 0.184
160 106.5 0.201
160 119 0.217
160 136 0.234
160 153 0.251
160 169.5 0.267
160.5 185.5 0.284
161 198.5 0.301
161 212 0.317
161.5 225.5 0.334
161.5 240.5 0.351
161.5 253 0.367
161.5 267 0.384
161.5 281 0.401
162 293.5 0.417
162 306.5 0.434
162 319.5 0.451
162 332 0.467
162 344.5 0.484
162 358 0.501
162 370 0.517
162 381 0.534
162 390 0.551
162 397.5 0.567
162 405.5 0.584
162 412 0.601
162 418 0.617
162 422.5 0.634
162 427 0.651
162 430.5 0.667
162 433 0.684
162 435 0.701
161.5 440 0.717
3v 1 3 115
166.5 57.5 0
166 58.5 0.017
166 62.5 0.083
166 65.5 0.1
166.5 71.5 0.117
167 80 0.133
167.5 90.5 0.15
167.5 102 0.167
167.5 116.5 0.183
167.5 131 0.2
167 148 0.217
165.5 167 0.233
164 185 0.25
163.5 199.5 0.267
162.5 214 0.283
162.5 228 0.3
162 241.5 0.317
162 254 0.333
161.5 267 0.35
161.5 279.5 0.367
161 291.5 0.384
161 302.5 0.4
160.5 315 0.417
160 327.5 0.433
160 339.5 0.45
160 352.5 0.467
160 364.5 0.483
160 375.5 0.5
160 384.5 0.517
160 394 0.533
160 401.5 0.55
160 408.5 0.567
160 414.5 0.583
160 419.5 0.6
160 424 0.617
160 428 0.633
160 430.5 0.65
160 434.5 0.667
42.5 91.5 0
43.5 98.5 0.083
43.5 103 0.1
45 110.5 0.117
46.5 119.5 0.133
47 128.5 0.15
48.5 140 0.167
48.5 152.5 0.183
48.5 168.5 0.2
48.5 185.5 0.217
47.5 204.5 0.233
46 222.5 0.25
46 240 0.267
45 255 0.283
45 267.5 0.3
44.5 281 0.317
44.5 294.5 0.333
43.5 307.5 0.35
43 321 0.367
42.5 333.5 0.384
42 345.5 0.4
42 358 0.417
42 370 0.433
42 382.5 0.45
42 395.5 0.467
42 407.5 0.483
42 417 0.5
42 426.5 0.517
42 433 0.533
42 439.5 0.55
42 445 0.567
42 450 0.583
42 454 0.6
42 458 0.617
42 461.5 0.633
42 464 0.65
42 469.5 0.667
42 480 0.683
299 62 0
299.5 62.5 0.017
301 66.5 0.083
301 70 0.1
301 75.5 0.117
301 84 0.133
301 92.5 0.15
301 104.5 0.167
301 119.5 0.183
301 135 0.2
300 153 0.217
298.5 172.5 0.233
297 190.5 0.25
295.5 207 0.267
294.5 220 0.283
294 234.5 0.3
293.5 247.5 0.317
293.5 260 0.333
293.5 272 0.35
293 284 0.367
292.5 295.5 0.384
292 307 0.4
292 319.5 0.417
291.5 332 0.433
291.5 344.5 0.45
291.5 357 0.467
291.5 366.5 0.483
291.5 376.5 0.5
291.5 385.5 0.517
291.5 394 0.533
291.5 400 0.55
291.5 406 0.567
291.5 411 0.583
291.5 415 0.6
291.5 418.5 0.617
291.5 421 0.633
291.5 423 0.65
291.5 425 0.667
291.5 430 0.683
3v 1 3 122
172.5 55 0.017
174 57 0.067
174 59.5 0.084
175 61 0.101
175 64.5 0.117
175 69 0.134
175 74 0.151
175 81 0.167
175 90 0.184
174 101.5 0.201
172 115 0.217
172 126.5 0.234
170.5 140 0.251
170.5 152.5 0.267
169.5 168 0.284
169 179.5 0.301
168.5 192.5 0.317
168.5 205.5 0.334
168.5 218.5 0.351
168.5 232 0.367
168.5 247.5 0.384
168.5 263 0.401
168.5 278 0.417
168.5 292.5 0.434
169 306 0.451
169.5 318 0.467
170.5 330 0.484
171 341 0.501
171.5 351 0.517
172 362 0.534
173 370.5 0.551
173.5 379 0.567
174 387 0.584
175 394.5 0.601
175.5 400.5 0.617
175.5 405.5 0.634
175.5 411 0.651
175.5 416 0.667
175.5 423 0.684
175.5 437.5 0.701
48.5 90.5 0.017
50.5 93 0.067
50.5 96.5 0.084
50.5 100 0.101
50.5 104 0.117
50.5 107.5 0.134
50.5 113 0.151
50.5 120 0.167
50.5 128 0.184
50.5 139.5 0.201
49 151.5 0.217
48.5 164 0.234
46.5 177.5 0.251
46.5 190 0.267
46 203 0.284
46 215.5 0.301
46 229 0.317
46 243 0.334
46 256.5 0.351
46 270.5 0.367
46 286 0.384
46 300.5 0.401
46.5 314.5 0.417
47 327.5 0.434
47.5 340.5 0.451
49 354.5 0.467
49.5 367 0.484
50 378 0.501
50 388 0.517
50.5 397 0.534
51 405.5 0.551
51.5 413.5 0.567
52 420 0.584
52.5 427.5 0.601
53 433.5 0.617
53.5 439.5 0.634
54 444.5 0.651
54 450 0.667
54 457.5 0.684
54 474 0.701
309.5 57 0
308.5 56.5 0.017
308.5 58.5 0.067
309 60 0.084
309 61.5 0.101
309 65.5 0.117
309 70.5 0.134
309 78 0.151
309 87.5 0.167
309 99 0.184
309 114 0.201
309 127 0.217
308.5 143 0.234
308 155 0.251
307 169.5 0.267
306 181.5 0.284
306 194 0.301
306 206.5 0.317
306 218.5 0.334
306 231.5 0.351
306 245 0.367
306 258.5 0.384
306 272 0.401
305.5 287 0.417
305.5 300 0.434
305.5 313.5 0.451
305.5 326.5 0.467
305.5 338 0.484
305.5 347.5 0.501
305.5 357.5 0.517
305.5 365.5 0.534
305.5 372.5 0.551
305.5 379.5 0.567
305.5 386 0.584
305.5 392 0.601
305.5 397.5 0.617
305.5 401.5 0.634
305 405.5 0.651
304.5 409 0.667
304 413 0.684
301.5 420.5 0.701
299 430.5 0.717
2v_diff 1 2 37
104.5 110.5 0
107 124.5 0.067
107 136 0.083
107 155 0.1
107 179 0.116
107 201.5 0.133
107 227 0.15
106.5 262.5 0.166
105 296.5 0.183
104.5 325 0.2
104.5 352.5 0.216
104.5 374 0.233
105 391 0.25
106 406.5 0.266
107.5 418.5 0.283
109 430 0.3
111.5 439.5 0.316
113.5 446 0.333
117.5 451 0.35
240 97 0.734
240 106 0.767
240 117.5 0.783
239.5 130 0.8
237 148 0.817
234.5 172.5 0.834
231 198 0.85
226.5 225.5 0.867
223 258.5 0.884
221 285.5 0.9
220.5 316.5 0.917
220.5 351.5 0.934
221 374.5 0.95
223.5 396 0.967
224 410.5 0.984
224.5 421.5 1
224.5 430.5 1.017
225 441 1.034
2v_diff 1 2 36
92 132.5 0
93 137.5 0.017
93 148.5 0.033
93 162.5 0.05
93 181.5 0.067
93 208.5 0.084
93 244 0.1
94 281 0.117
96 314.5 0.133
98 339 0.15
99 363.5 0.167
99.5 382.5 0.183
100 402 0.2
101.5 419.5 0.217
104.5 433.5 0.233
107.5 443 0.25
110 449.5 0.267
112.5 454.5 0.283
226 160 0.617
225 168.5 0.634
225 183 0.65
224.5 198 0.667
224.5 215.5 0.684
223.5 244 0.7
223 274.5 0.717
223 311.5 0.734
223 343.5 0.75
223 367.5 0.767
223 384.5 0.784
223 401.5 0.8
223 414 0.817
223.5 427 0.834
224.5 438.5 0.85
227.5 453 0.867
233.5 470.5 0.884
234.5 477.5 0.9
2v_diff 1 2 35
87.5 125 0
88 129.5 0.017
88 141 0.033
88 157.5 0.05
90 186.5 0.067
95 223.5 0.083
100 264 0.1
104.5 303.5 0.117
107.5 338 0.133
109 364 0.15
110 388 0.167
111.5 409 0.183
112 425 0.2
113 436 0.217
113.5 442 0.233
114.5 446 0.25
115 447 0.267
229 108 0.6
227 117 0.634
227 129 0.65
226.5 152.5 0.667
226.5 180.5 0.684
226.5 208 0.7
228.5 233.5 0.717
231 258.5 0.734
232.5 284 0.75
234 310 0.767
235 335.5 0.784
236.5 357 0.8
237.5 371 0.817
238.5 381.5 0.834
238.5 390 0.85
238.5 396 0.867
239 401 0.884
239.5 408 0.9
2v_diff 1 2 36
146.5 168 0
146 183 0.017
146 204 0.033
145.5 227 0.05
143.5 255 0.067
141 282 0.083
139.5 306.5 0.1
139 330.5 0.117
139 355 0.133
139.5 379.5 0.15
142.5 406.5 0.167
147.5 432 0.184
151.5 453.5 0.2
153.5 466 0.217
155 473.5 0.234
156 477.5 0.25
156.5 479.5 0.267
157 480 0.284
158 480 0.3
258.5 127 0.6
259 131 0.634
259 145.5 0.65
257 176.5 0.667
257 204.5 0.684
257 246 0.7
257 281.5 0.717
258.5 314 0.734
259.5 340.5 0.75
260 366.5 0.767
260.5 384 0.784
261 399 0.8
261.5 412 0.817
262.5 421 0.834
264 427.5 0.85
265.5 434 0.867
269.5 441.5 0.884
2v_diff 1 2 33
102 110 0
102.5 119 0.067
102.5 139.5 0.083
102.5 175 0.1
102.5 202.5 0.117
102.5 231.5 0.134
104 258.5 0.15
105.5 286.5 0.167
107.5 315.5 0.184
111.5 349.5 0.2
115 373 0.217
118.5 390 0.233
120.5 401 0.25
122 407.5 0.267
123.5 412 0.283
125 414.5 0.3
130 416 0.317
250 94.5 0.7
249.5 100 0.717
248.5 114.5 0.733
244 142 0.75
242 177 0.767
241.5 207 0.784
241.5 244 0.8
241.5 271.5 0.817
242 302 0.834
242.5 337 0.85
243.5 364 0.867
244 383.5 0.884
244 399 0.9
244 408.5 0.917
244 415.5 0.934
244 422.5 0.95
2v_up 1 2 52
95 454 0
94.5 452.5 0.067
95 449.5 0.084
95 443.5 0.1
95 432.5 0.117
95 417 0.134
95.5 399 0.15
96.5 374 0.167
98 352.5 0.184
99.5 330.5 0.2
101 309.5 0.217
104.5 287.5 0.234
107.5 263 0.251
109.5 237.5 0.267
111.5 213 0.284
113.5 192 0.3
114 177 0.317
115.5 165 0.334
116 152.5 0.351
116.5 143 0.368
117 134.5 0.384
117.5 128 0.401
117.5 123 0.417
118 121 0.434
118 120 0.451
233.5 429.5 0
234 422 0.067
234 415 0.084
234 407.5 0.1
234 396 0.117
234 381 0.134
234 365 0.15
234.5 346 0.167
237 324 0.184
240 304 0.2
243 284.5 0.217
246.5 263 0.234
250 241 0.251
253 216.5 0.267
255 192 0.284
256 173 0.3
256 154.5 0.317
256 141 0.334
256 128.5 0.351
256 119 0.368
256 109.5 0.384
256 103 0.401
256 98 0.417
256 95 0.434
256 93.5 0.451
256 93 0.467
256 92.5 0.484
2v_up 1 2 58
117.5 456 0
117.5 453.5 0.017
116.5 448.5 0.05
116.5 443 0.067
116.5 434 0.083
115.5 418.5 0.1
115 400 0.117
115 380 0.133
115 360 0.15
115 340 0.167
115 320 0.183
115 296.5 0.2
115 275 0.217
114.5 256 0.233
113 238 0.25
112 221 0.267
109.5 204.5 0.283
108.5 188 0.3
107.5 175.5 0.317
106 163 0.333
105.5 153 0.35
105.5 144 0.367
105.5 136.5 0.383
105.5 129 0.4
105.5 123 0.417
105.5 117 0.433
106 112.5 0.45
106 109 0.467
106 106.5 0.483
244.5 405.5 0.017
244.5 402 0.05
244.5 397.5 0.067
244.5 390.5 0.083
244.5 378.5 0.1
244.5 361.5 0.117
244.5 345 0.133
245 327.5 0.15
246 308 0.167
246.5 287.5 0.183
246.5 263 0.2
246.5 240.5 0.217
245 218 0.233
242.5 201 0.25
240.5 183.5 0.267
239.5 170 0.283
238.5 154 0.3
237 142 0.317
236.5 129.5 0.333
236 120 0.35
236 110 0.367
236 103 0.383
236 95 0.4
236 89 0.417
236 83 0.433
236 77.5 0.45
236 73.5 0.467
236 70.5 0.483
236 67.5 0.5
2v_up 1 2 66
244 458.5 0
241.5 451 0.067
241.5 446 0.083
241.5 439 0.1
241.5 430.5 0.117
241.5 418 0.133
241.5 406.5 0.15
241.5 391.5 0.167
242 376 0.183
244 361 0.2
246 344.5 0.217
247 328.5 0.233
247.5 312.5 0.25
247.5 295.5 0.267
247.5 278.5 0.283
245.5 261.5 0.3
243.5 244 0.316
241.5 226 0.333
240.5 208 0.35
239.5 190 0.367
238.5 174 0.383
237 159 0.4
236 145.5 0.416
234.5 133.5 0.433
234.5 121.5 0.45
234.5 112 0.466
234.5 102 0.483
234.5 94 0.5
234.5 87.5 0.516
234.5 81.5 0.533
234.5 76 0.549
234.5 72 0.566
234.5 70 0.583
104.5 483 0
103 480 0.067
102.5 479 0.083
102.5 475 0.1
102.5 468 0.117
102.5 456 0.133
103 440.5 0.15
104 424.5 0.167
105.5 409.5 0.183
107 394 0.2
108 378 0.217
109 363 0.233
109.5 350.5 0.25
109.5 333 0.267
109.5 316 0.283
108 294.5 0.3
105.5 274 0.316
102 254 0.333
100.5 239 0.35
98.5 222.5 0.367
97.5 207.5 0.383
96.5 192 0.4
95.5 177.5 0.416
94.5 165.5 0.433
94 152.5 0.45
94 141 0.466
94 132.5 0.483
94 123.5 0.5
94 116.5 0.516
94 110 0.533
94 105.5 0.549
94.5 102 0.566
95 96.5 0.583
2v_up 1 2 57
114 470.5 0
110 468.5 0.067
109.5 466.5 0.084
109.5 458.5 0.1
107.5 444 0.117
105 427 0.134
103 409 0.15
102 390 0.167
102 370.5 0.184
102 351 0.2
102 327 0.217
101.5 304 0.234
101 282 0.251
100.5 263 0.267
100.5 245 0.284
100.5 228.5 0.301
100.5 212.5 0.317
100 195.5 0.334
99 179 0.351
97.5 166.5 0.367
96.5 153.5 0.384
95 144 0.401
94 135 0.417
93 127.5 0.434
93 120 0.451
93 112.5 0.467
93 107.5 0.484
93.5 102 0.501
253.5 443 0
251 439.5 0.067
249.5 433.5 0.084
247 423.5 0.1
243.5 410.5 0.117
242.5 398 0.134
242 380 0.15
242 363 0.167
242 345 0.184
242 322 0.2
242 299 0.217
242 275 0.234
241.5 253.5 0.251
240.5 236 0.267
240 217.5 0.284
239.5 199.5 0.301
239 181 0.317
238.5 163.5 0.334
237.5 146.5 0.351
236.5 134 0.367
236 121.5 0.384
235.5 111.5 0.401
234.5 100.5 0.417
234.5 90.5 0.434
234.5 82 0.451
234.5 74 0.467
234.5 69.5 0.484
235 66.5 0.501
235 63.5 0.517
2v_up 1 2 56
253 449 0
251.5 442 0.083
251.5 433 0.1
251.5 422 0.117
251.5 410.5 0.133
251.5 398.5 0.15
251.5 385 0.167
251.5 367.5 0.183
251.5 349.5 0.2
251.5 329.5 0.217
251.5 305.5 0.233
251 287 0.25
250 267 0.267
249.5 248 0.283
247.5 230 0.3
246.5 212 0.317
246.5 192 0.334
246 175 0.35
245 159 0.367
244.5 147 0.383
243.5 135.5 0.4
243.5 124.5 0.417
243.5 115 0.433
243.5 106 0.45
243.5 99 0.467
243.5 94.5 0.483
243.5 91.5 0.5
243.5 90 0.517
115.5 476.5 0
113 470.5 0.083
113 462.5 0.1
113 450 0.117
113 434 0.133
112.5 421 0.15
111.5 404.5 0.167
111.5 388.5 0.183
111.5 370 0.2
111.5 351 0.217
111.5 330 0.233
111.5 306 0.25
111.5 288 0.267
110.5 268 0.283
109 250 0.3
108.5 232.5 0.317
108 214.5 0.334
106 197 0.35
105 180 0.367
103.5 168 0.383
102 156 0.4
101.5 146.5 0.417
101.5 137 0.433
101.5 128.5 0.45
101.5 122.5 0.467
101.5 117 0.483
101.5 114.5 0.5
101.5 113.5 0.517
2w_diff 1 2 77
85.5 62 0
93 62 0.017
104.5 62 0.033
116.5 66 0.05
125.5 73 0.067
130.5 82.5 0.083
131 98.5 0.1
129 121.5 0.117
120 144.5 0.133
106.5 172 0.15
96.5 190.5 0.167
91 205 0.183
88.5 214.5 0.2
88.5 219.5 0.217
89.5 222 0.233
104.5 222 0.25
120.5 222 0.267
132 222 0.283
138.5 222 0.3
142.5 229 0.317
139 247.5 0.333
127 272 0.35
113.5 299 0.367
100 327 0.383
91.5 350 0.4
86 365.5 0.417
83.5 375.5 0.433
83.5 381 0.45
84.5 384 0.467
97.5 384 0.483
113 382.5 0.5
129 382.5 0.517
137 383 0.533
140.5 390 0.55
140.5 403 0.567
136.5 420.5 0.583
131 434.5 0.6
126.5 445.5 0.617
124.5 453 0.633
235 51 0.933
239 51 0.967
244 52 0.984
246 57 1.001
246 70.5 1.017
238.5 97.5 1.034
230 119.5 1.051
223.5 139 1.067
220.5 152 1.084
219.5 162.5 1.101
219.5 171.5 1.117
222.5 177.5 1.134
230 181.5 1.151
241.5 183.5 1.167
251.5 186 1.183
258 189 1.2
263.5 194 1.217
264 204 1.233
261 222.5 1.25
252.5 242 1.267
247 256.5 1.283
244 267.5 1.3
244 276 1.317
244 282.5 1.333
250 286 1.35
260 288 1.367
267.5 290.5 1.383
274 294.5 1.4
276.5 302.5 1.417
274.5 319 1.433
264.5 336 1.45
254 355.5 1.467
244.5 373 1.483
239.5 387 1.5
237.5 401 1.517
237.5 417.5 1.533
240.5 433 1.55
247.5 447 1.567
2w_diff 1 2 99
89 75 0
94.5 76 0.033
104.5 76.5 0.05
116.5 80 0.067
125.5 83.5 0.084
129.5 88.5 0.1
131 98 0.117
127.5 114.5 0.134
118.5 131.5 0.15
106.5 149 0.167
97.5 164.5 0.184
93.5 175 0.2
93.5 181.5 0.217
93.5 185.5 0.234
104 187.5 0.25
117.5 187.5 0.267
126 188.5 0.283
133.5 191 0.301
137 197.5 0.317
137 211 0.334
130.5 229.5 0.35
123.5 249 0.367
117.5 268 0.384
115.5 281.5 0.4
115.5 291 0.417
117.5 298 0.434
125.5 301.5 0.45
136.5 303 0.467
145 305 0.484
149.5 307.5 0.5
153 312.5 0.517
153 324 0.534
147 341 0.55
136.5 359.5 0.567
128.5 377 0.584
124.5 389 0.6
124.5 396.5 0.617
124.5 401 0.634
129.5 403.5 0.65
138 404 0.667
146.5 406 0.684
152.5 409.5 0.7
154 414 0.717
154.5 421 0.734
154.5 430.5 0.75
153 435.5 0.767
151.5 438.5 0.784
151.5 440.5 0.8
231 72 1.1
232 78.5 1.167
230.5 90.5 1.183
224.5 103.5 1.2
218.5 116.5 1.217
216 125 1.234
215.5 130 1.25
215.5 134.5 1.267
223 137.5 1.284
237 139 1.3
249 139.5 1.317
256.5 141 1.334
260.5 143 1.35
263.5 145.5 1.367
263.5 152 1.384
256.5 167.5 1.4
247.5 182.5 1.417
242 193 1.434
239.5 201.5 1.45
239.5 205.5 1.467
239.5 208 1.484
244.5 210.5 1.5
252.5 211 1.517
257 213 1.534
260.5 215 1.55
261.5 222 1.567
257.5 238.5 1.584
247.5 255 1.6
241 268 1.617
238.5 279.5 1.634
238.5 291 1.65
244 301 1.667
255.5 307.5 1.684
266 314.5 1.7
273 320 1.717
276.5 326.5 1.734
278 334 1.75
278 344.5 1.767
276.5 354 1.784
275 360.5 1.8
275 366 1.817
275 373 1.834
275.5 379 1.85
277.5 387 1.867
277.5 398.5 1.884
275.5 412.5 1.901
269 424 1.917
265 434 1.934
261.5 442 1.95
260 452 1.967
260 461 1.984
2w_diff 1 2 114
99.5 81.5 0
105.5 78.5 0.05
108 78.5 0.066
108.5 83 0.083
108.5 96 0.1
101 116 0.117
95 130.5 0.133
90.5 145 0.15
88.5 153.5 0.167
88.5 160 0.183
88.5 164 0.2
95.5 166.5 0.217
108 167 0.233
120 167 0.25
127 167.5 0.267
130.5 169.5 0.283
133 174.5 0.3
132.5 185 0.317
126 198 0.333
120 211 0.35
116.5 219 0.367
115.5 224 0.383
115.5 227 0.4
115.5 229.5 0.417
118.5 230.5 0.433
124 231 0.45
128.5 232 0.467
131 236 0.483
131.5 244.5 0.5
130.5 261.5 0.517
124.5 278.5 0.533
119.5 293.5 0.55
116.5 304.5 0.567
116.5 313 0.583
116.5 320 0.6
121.5 323.5 0.617
132.5 324 0.633
144.5 324 0.65
152 324.5 0.667
157.5 326.5 0.683
162 329.5 0.7
165 335 0.717
165 346 0.733
163 361.5 0.75
156 379.5 0.767
151 392.5 0.783
148.5 400.5 0.8
148 405.5 0.817
148 408 0.833
148 410 0.85
150.5 410.5 0.867
154.5 411 0.883
157.5 412 0.9
158 415.5 0.917
158 423.5 0.933
155.5 435.5 0.95
152.5 442.5 0.967
150.5 446.5 0.983
150.5 448.5 1
237.5 86 1.283
242.5 80.5 1.333
249.5 80.5 1.35
257.5 80.5 1.367
261.5 82 1.383
262.5 92.5 1.4
259 109.5 1.417
249.5 127.5 1.434
241 144 1.45
235.5 154.5 1.467
233.5 162 1.484
232.5 167 1.5
232.5 170 1.517
233 172 1.534
241 172.5 1.55
249 174 1.567
255 176.5 1.583
257 180 1.6
257 189.5 1.617
251 205 1.634
241.5 220.5 1.65
237 232 1.667
236.5 241 1.683
236.5 248.5 1.7
245 253 1.716
256.5 254.5 1.733
265 257 1.75
272.5 259.5 1.766
275.5 262.5 1.783
277 268 1.8
275 280 1.816
266 296 1.833
261.5 308 1.85
260 320 1.866
260 331 1.883
260 337.5 1.9
264 343 1.916
271 346.5 1.933
276.5 350.5 1.95
280 353.5 1.966
282 358 1.983
282 365 2
280 375 2.017
276.5 382.5 2.033
274.5 389 2.05
274.5 396 2.067
274.5 402.5 2.083
280.5 408.5 2.1
293.5 414.5 2.117
303.5 419 2.133
307 424.5 2.15
308.5 432.5 2.167
301 446 2.184
289.5 458.5 2.2
282 469 2.217
2w_diff 1 2 109
81 97.5 0
91 90 0.05
96.5 87.5 0.067
101.5 87 0.084
105 87 0.1
107.5 88.5 0.117
107.5 101.5 0.133
100.5 121.5 0.15
93 139 0.167
89 149.5 0.184
87 155.5 0.2
87 159.5 0.217
87 161 0.234
92.5 161 0.25
107.5 161 0.267
118 160 0.284
124.5 160 0.3
129 161.5 0.317
129 174 0.334
125 192 0.35
116 212.5 0.367
105.5 232.5 0.384
100.5 247 0.4
98 258 0.417
98 263.5 0.434
98.5 266.5 0.45
108.5 267 0.467
118 267 0.484
124.5 267 0.5
131 268 0.517
135 274.5 0.534
135 289 0.55
128.5 308.5 0.567
120.5 329.5 0.584
114 347 0.6
111.5 358 0.617
111.5 363 0.633
111.5 365.5 0.65
118.5 365.5 0.667
127.5 365 0.684
135.5 363 0.7
141 363 0.717
145.5 363 0.734
147.5 364.5 0.75
146.5 377 0.767
138 394 0.784
131 412 0.8
127 424.5 0.817
125.5 435.5 0.834
125.5 442 0.85
125.5 446 0.867
126.5 450 0.884
222 69 1.217
233.5 78 1.3
231 98 1.317
222.5 119 1.334
215.5 131 1.35
211.5 139 1.367
209 144 1.384
209 147.5 1.4
209 150.5 1.417
216.5 151 1.434
228 151 1.45
236.5 151.5 1.467
242 152.5 1.484
245.5 155.5 1.5
246 163 1.517
241 179 1.534
234.5 192.5 1.55
229 207 1.567
226.5 215.5 1.583
226.5 221 1.6
226.5 224 1.617
226.5 226.5 1.633
230.5 227 1.65
235 227 1.667
239.5 227 1.683
241.5 228 1.7
242 232 1.717
241.5 242.5 1.733
235 254.5 1.75
229.5 267.5 1.767
226.5 277 1.783
226 285 1.8
226 292 1.817
228 296 1.833
239 298.5 1.85
249.5 300 1.867
255.5 301.5 1.883
258.5 303.5 1.9
261 306.5 1.917
261 313 1.933
259 325 1.95
253 336 1.967
249.5 344.5 1.983
248 352 2
248 357 2.017
248 362 2.033
248 366.5 2.05
249 370 2.067
249.5 375.5 2.083
249.5 387 2.1
248.5 402 2.117
244.5 416 2.133
242 425.5 2.15
241 432.5 2.167
241 436.5 2.184
241 440.5 2.2
245.5 446.5 2.217
2w_diff 1 2 104
116 93 0
125.5 90.5 0.1
131.5 91 0.117
135.5 97 0.134
136 107.5 0.15
135 122 0.167
129.5 134 0.184
123.5 146 0.2
121 153 0.217
120.5 157.5 0.233
120.5 160 0.25
121 161.5 0.267
129 161.5 0.283
140 161.5 0.3
146.5 161.5 0.317
150 161.5 0.333
152 166 0.35
152 178.5 0.367
144.5 191.5 0.383
139 201.5 0.4
136 208 0.417
135.5 212 0.434
135.5 215.5 0.45
137.5 217.5 0.467
145 219 0.483
149.5 221.5 0.5
153 224.5 0.517
154.5 231.5 0.533
154 246 0.55
146 264.5 0.567
141.5 276.5 0.584
140 284 0.6
140 289 0.617
140.5 293.5 0.633
149.5 295 0.65
157 295.5 0.667
165 296 0.684
169.5 298.5 0.7
173 301.5 0.717
173.5 308 0.734
173.5 321.5 0.75
168.5 335.5 0.767
164.5 350.5 0.784
163.5 359.5 0.8
163.5 365 0.817
163.5 368 0.833
169 370.5 0.85
180 370.5 0.867
187 370.5 0.884
191.5 370.5 0.9
195 370.5 0.917
196 371 0.934
196 380.5 0.95
189.5 393.5 0.967
183 407 0.984
179 416.5 1
177.5 424 1.017
177.5 432.5 1.034
250.5 56.5 1.317
256 65 1.384
253.5 85 1.4
245 108 1.417
237 128.5 1.434
234 141 1.45
233 149.5 1.467
233 155 1.484
235 159 1.5
246 160 1.517
256.5 161 1.534
264 162.5 1.55
269 166 1.567
273.5 171.5 1.584
273.5 183.5 1.6
266.5 201 1.617
262 212.5 1.634
259.5 222.5 1.65
259.5 230 1.667
259.5 237 1.683
265.5 241.5 1.7
276 243.5 1.717
286 245.5 1.733
292.5 248 1.75
295 252 1.767
295 261.5 1.783
288 276.5 1.8
281 289 1.817
275 301.5 1.833
273.5 310 1.85
273.5 319 1.867
277 325.5 1.883
285.5 331 1.9
294.5 335.5 1.917
300 339.5 1.933
301.5 344.5 1.95
302.5 354 1.967
297.5 366 1.983
291 377.5 2
287.5 386 2.017
286 393 2.033
286 398.5 2.05
286 407 2.067
291 416 2.083
296 428 2.1
296.5 440 2.117
