+ 1 2 32
166.5 112.5 0 0
165.5 124.5 0.033 0
165.5 140 0.05 0
165.5 163 0.067 0
165.5 187.5 0.083 0
166 213.5 0.1 0
167.5 242.5 0.116 0
169 271.5 0.133 0
170.5 301.5 0.15 0
172.5 339 0.166 0
175.5 371 0.183 0
177 393.5 0.2 0
178.5 416 0.216 0
180.5 431 0.233 0
181 439 0.25 0
181 444.5 0.266 0
181 447 0.283 0
181 447.5 0.3 0
77 284.5 0.55 1
88.5 281 0.583 1
102 280.5 0.6 1
121.5 279 0.616 1
149 279 0.633 1
176.5 279 0.65 1
205 279 0.666 1
232.5 280.5 0.683 1
257.5 283.5 0.7 1
275 284 0.716 1
288 284 0.733 1
298 284 0.75 1
304.5 284 0.766 1
306.5 284 0.783 1
+ 1 2 31
145 144 0 0
145 152.5 0.05 0
145 168 0.067 0
145 191.5 0.083 0
146 218.5 0.1 0
150 251.5 0.117 0
153.5 276 0.134 0
157 299 0.15 0
159 316.5 0.167 0
160 333 0.183 0
161 348 0.2 0
161.5 359 0.217 0
162 368 0.234 0
162.5 375.5 0.25 0
163 382.5 0.267 0
163 388 0.284 0
163 395.5 0.3 0
40 292.5 0.484 1
49 292.5 0.534 1
62.5 292.5 0.551 1
81.5 292 0.567 1
103 291.5 0.584 1
129 291.5 0.6 1
152.5 291.5 0.617 1
171.5 291.5 0.634 1
191 291.5 0.651 1
208 291.5 0.667 1
223.5 291.5 0.684 1
235.5 291.5 0.7 1
245.5 291.5 0.717 1
254 293 0.734 1
+ 1 2 28
139 149 0 0
137.5 154.5 0.083 0
137.5 170 0.1 0
138 192.5 0.117 0
140.5 215.5 0.134 0
143.5 238 0.15 0
145.5 259.5 0.166 0
147.5 277.5 0.183 0
149.5 295 0.2 0
151 307.5 0.217 0
153 319 0.233 0
154.5 326 0.25 0
155.5 331 0.267 0
156.5 335 0.283 0
157 338 0.3 0
58.5 250.5 0.483 1
68.5 250.5 0.567 1
84 250.5 0.584 1
101.5 248.5 0.6 1
122 247 0.617 1
146 245.5 0.634 1
165 245.5 0.65 1
185.5 245.5 0.667 1
203 245.5 0.683 1
216.5 245.5 0.7 1
227 245.5 0.717 1
235.5 245.5 0.733 1
241.5 245.5 0.75 1
+ 1 2 27
194.5 130 0 0
194.5 142.5 0.05 0
194.5 164.5 0.067 0
194.5 189.5 0.083 0
195 217 0.1 0
199 249 0.117 0
201.5 270 0.133 0
204 291 0.15 0
205.5 308 0.167 0
207 320.5 0.183 0
207.5 328.5 0.2 0
207.5 333.5 0.217 0
207.5 336 0.234 0
207.5 336.5 0.25 0
135 237 0.45 1
142.5 236 0.5 1
155 236 0.517 1
171 236 0.534 1
189.5 236.5 0.551 1
208 238 0.567 1
225 240.5 0.584 1
241.5 242 0.6 1
253.5 243 0.617 1
262.5 243.5 0.634 1
269 244 0.65 1
274.5 244.5 0.667 1
277 245 0.684 1
+ 1 2 27
136.5 170.5 0 0
136.5 175 0.017 0
136.5 187 0.033 0
136.5 207 0.05 0
138 234.5 0.067 0
142.5 267 0.083 0
146.5 292.5 0.1 0
149.5 316.5 0.117 0
151 333.5 0.133 0
152 350 0.15 0
152.5 362.5 0.167 0
153 372 0.183 0
153.5 378.5 0.2 0
154 383.5 0.216 0
154 385.5 0.233 0
59.5 315 0.45 1
72.5 314 0.516 1
88.5 314 0.533 1
107.5 314 0.55 1
129 314 0.566 1
150 314 0.583 1
169.5 314 0.6 1
188 314 0.616 1
202 314 0.633 1
215.5 314 0.65 1
226.5 314 0.666 1
236.5 314 0.683 1
1 1 1 28
103.5 248 0 0
111.5 241 0.067 0
125 230 0.084 0
146.5 213 0.1 0
163.5 192 0.117 0
176 177.5 0.134 0
184 168 0.15 0
189.5 162.5 0.167 0
193 159 0.183 0
195.5 157.5 0.2 0
196 157.5 0.217 0
196.5 157.5 0.234 0
196.5 162 0.25 0
188.5 181.5 0.267 0
180 202 0.284 0
172.5 224.5 0.3 0
168 247.5 0.317 0
165.5 271.5 0.334 0
163.5 299 0.35 0
162.5 328 0.367 0
161.5 356 0.384 0
161.5 375.5 0.4 0
161.5 395 0.417 0
160.5 408 0.434 0
159.5 418 0.45 0
157.5 426.5 0.467 0
156 432.5 0.484 0
154.5 438.5 0.5 0
1 1 1 35
110.5 251.5 0 0
115.5 248 0.05 0
124 242 0.066 0
139 229 0.083 0
157.5 210 0.1 0
172.5 188.5 0.117 0
183.5 173 0.133 0
194 155.5 0.15 0
205 137 0.167 0
215.5 120 0.183 0
222.5 108.5 0.2 0
228 100.5 0.217 0
232 94 0.233 0
234 91 0.25 0
234.5 90 0.266 0
233.5 93 0.3 0
226 104 0.317 0
218.5 122.5 0.333 0
212 142 0.35 0
207.5 165.5 0.367 0
202 189 0.383 0
197 213.5 0.4 0
191.5 240 0.417 0
187 264 0.433 0
182.5 286.5 0.45 0
178.5 305.5 0.467 0
175.5 321.5 0.483 0
171.5 337.5 0.5 0
168.5 353.5 0.517 0
166 364.5 0.533 0
163.5 375 0.55 0
162.5 382.5 0.567 0
161.5 388.5 0.583 0
161 393 0.6 0
160.5 399 0.616 0
1 1 1 31
113 247.5 0 0
119.5 241 0.067 0
129 229 0.083 0
141 211.5 0.1 0
153 191 0.117 0
161.5 172 0.134 0
169.5 153.5 0.15 0
176 140.5 0.167 0
180.5 132 0.184 0
183 126.5 0.2 0
185 122.5 0.217 0
186 120 0.234 0
186.5 120 0.25 0
186.5 123.5 0.3 0
184 136 0.317 0
179.5 157 0.334 0
177 179.5 0.351 0
176.5 202 0.367 0
176 225.5 0.384 0
176 251 0.4 0
175.5 276 0.417 0
174 299 0.434 0
173.5 318 0.451 0
172 337.5 0.467 0
171.5 356.5 0.484 0
170.5 370.5 0.501 0
169.5 384 0.517 0
168.5 394 0.534 0
168 400.5 0.551 0
168 405 0.567 0
168 407.5 0.584 0
1 1 1 33
116.5 249.5 0 0
122 246.5 0.05 0
130.5 240.5 0.067 0
148.5 226.5 0.084 0
168.5 206 0.1 0
185 183 0.117 0
200 160 0.134 0
213.5 142.5 0.15 0
222.5 130.5 0.167 0
228.5 123 0.184 0
232 117.5 0.2 0
234 115 0.217 0
234.5 114.5 0.234 0
234.5 115 0.267 0
229.5 122.5 0.284 0
221 132.5 0.3 0
210.5 149 0.317 0
203 168.5 0.333 0
198 189.5 0.35 0
195 212.5 0.367 0
192.5 239.5 0.383 0
189.5 266 0.4 0
186 293 0.417 0
182.5 318.5 0.433 0
179.5 341.5 0.45 0
177 363 0.466 0
175 378.5 0.483 0
172.5 395.5 0.5 0
170 410 0.516 0
168.5 419 0.533 0
167 424 0.55 0
166.5 427.5 0.566 0
166.5 428.5 0.583 0
1 1 1 36
106.5 266 0 0
115 259.5 0.083 0
127.5 248 0.1 0
141.5 232 0.117 0
155.5 215.5 0.133 0
166.5 200 0.15 0
177 185.5 0.167 0
187 171.5 0.183 0
195.5 160.5 0.2 0
204.5 148.5 0.217 0
210.5 139 0.233 0
215.5 129 0.25 0
217 121.5 0.267 0
219 117.5 0.284 0
219 116 0.3 0
218.5 116 0.317 0
213 124.5 0.333 0
208 138 0.35 0
203 154 0.367 0
199.5 173 0.383 0
197 190.5 0.4 0
194 213 0.417 0
191 237 0.433 0
188 261.5 0.45 0
185.5 287.5 0.467 0
183 312.5 0.484 0
181 337.5 0.5 0
179 360.5 0.517 0
178 377 0.533 0
176.5 392.5 0.55 0
175.5 404.5 0.567 0
175 417 0.583 0
174 428.5 0.6 0
174 436 0.617 0
174 441 0.633 0
174 443 0.65 0
2 1 1 47
121 246 0 0
122.5 242 0.084 0
123 233 0.1 0
128 219.5 0.117 0
135.5 200 0.134 0
143.5 182.5 0.151 0
151 169.5 0.167 0
159 158 0.184 0
169 149.5 0.201 0
179 145.5 0.217 0
190.5 144 0.234 0
201.5 144 0.25 0
212 146 0.267 0
220.5 151 0.284 0
226 156 0.301 0
230.5 163 0.317 0
232 171 0.334 0
232 185 0.351 0
228.5 204 0.368 0
221.5 224 0.384 0
212.5 246.5 0.4 0
200 271 0.417 0
189 289.5 0.434 0
175 307.5 0.451 0
160.5 325 0.467 0
147 341 0.484 0
134 357.5 0.501 0
124.5 372 0.517 0
118 383.5 0.534 0
113.5 394 0.551 0
112 402.5 0.567 0
112 409.5 0.584 0
113.5 414.5 0.6 0
123.5 417.5 0.617 0
140 418 0.634 0
156.5 418 0.65 0
175 418 0.667 0
189 418 0.684 0
206 418 0.7 0
219 418 0.717 0
231.5 418 0.734 0
241.5 417.5 0.751 0
248.5 417 0.768 0
255 417 0.784 0
259 416.5 0.801 0
261 416.5 0.817 0
262 416.5 0.834 0
2 1 1 40
94.5 222.5 0 0
92 214.5 0.067 0
92.5 200 0.083 0
97.5 180 0.1 0
105.5 162 0.117 0
115 146.5 0.133 0
124.5 136 0.15 0
138.5 126 0.166 0
153 120.5 0.183 0
170 118.5 0.2 0
188 118.5 0.217 0
205.5 125 0.233 0
218.5 136 0.25 0
226 148 0.267 0
231.5 162.5 0.283 0
232 179 0.3 0
231.5 198.5 0.317 0
223.5 219.5 0.333 0
213 241.5 0.35 0
197.5 264 0.367 0
181.5 283 0.383 0
164 299.5 0.4 0
149.5 315.5 0.416 0
135 333.5 0.433 0
124 351.5 0.45 0
117 364 0.467 0
113.5 374 0.483 0
113.5 381 0.5 0
113.5 387 0.517 0
122.5 392 0.533 0
139 396.5 0.55 0
158 399.5 0.567 0
176.5 402 0.583 0
194.5 402.5 0.6 0
212 403 0.617 0
226 403 0.633 0
240 403.5 0.65 0
250.5 405 0.667 0
256.5 406.5 0.683 0
260.5 408 0.7 0
2 1 1 41
105.5 236.5 0 0
104 228 0.067 0
107 217 0.084 0
116.5 199.5 0.1 0
126.5 183.5 0.117 0
136 170 0.134 0
145 162 0.151 0
153.5 156 0.167 0
163.5 152.5 0.184 0
175.5 152.5 0.2 0
189 152.5 0.217 0
200.5 158.5 0.234 0
211.5 167 0.25 0
219 178 0.267 0
224 191 0.284 0
226 206.5 0.3 0
226 222 0.318 0
225.5 241.5 0.334 0
217.5 259.5 0.351 0
205 280 0.367 0
188 302 0.384 0
170.5 321.5 0.4 0
157 337 0.417 0
143.5 351.5 0.434 0
134.5 361 0.45 0
129.5 368 0.467 0
127 374 0.483 0
127 378 0.5 0
127 381 0.517 0
137 383 0.534 0
152.5 384.5 0.55 0
168 384.5 0.567 0
184.5 384.5 0.583 0
200 383.5 0.6 0
217.5 379.5 0.617 0
235 377.5 0.634 0
252.5 377.5 0.65 0
265 377.5 0.667 0
273.5 377.5 0.684 0
279 377.5 0.7 0
283.5 377.5 0.717 0
2 1 1 40
78.5 268.5 0 0
80.5 264.5 0.05 0
86 256.5 0.067 0
98.5 244 0.083 0
114 232 0.1 0
125.5 225.5 0.117 0
139 220.5 0.133 0
150.5 219 0.15 0
161 219 0.166 0
169.5 221 0.183 0
177 227.5 0.2 0
183 239.5 0.217 0
185 250.5 0.233 0
185 264 0.25 0
184 280 0.267 0
176 295.5 0.283 0
164.5 311.5 0.3 0
152 328 0.317 0
137.5 344 0.333 0
124 361 0.35 0
109.5 375 0.367 0
98 387 0.383 0
91 396 0.4 0
86 404.5 0.417 0
84 411.5 0.433 0
84 418 0.45 0
85.5 422.5 0.467 0
96 427 0.483 0
112 428 0.5 0
128.5 428 0.517 0
147.5 428 0.533 0
166 426.5 0.55 0
185.5 424 0.567 0
203.5 423 0.583 0
223 422 0.6 0
240.5 421 0.616 0
252 420 0.633 0
259.5 419.5 0.65 0
263.5 419 0.667 0
266.5 419 0.684 0
2 1 1 38
138.5 171.5 0 0
137 166.5 0.067 0
141 157.5 0.083 0
152.5 142 0.1 0
165 128.5 0.116 0
178.5 117 0.133 0
189 110 0.15 0
198.5 105.5 0.166 0
211 104 0.183 0
221.5 104 0.2 0
233 107.5 0.217 0
241.5 118.5 0.233 0
246 132 0.25 0
247.5 144.5 0.267 0
247.5 161.5 0.283 0
246 176.5 0.3 0
236 194.5 0.316 0
223 213 0.333 0
205.5 236 0.35 0
189.5 257.5 0.367 0
174 278.5 0.383 0
162 296 0.4 0
150.5 314.5 0.417 0
141.5 330.5 0.433 0
137.5 341.5 0.45 0
137 350.5 0.467 0
137 356 0.483 0
141 359 0.5 0
152.5 359.5 0.516 0
169 359.5 0.533 0
186.5 359.5 0.55 0
205 358 0.566 0
223 357 0.583 0
239.5 357 0.6 0
252 357 0.617 0
264.5 357 0.633 0
272.5 357 0.65 0
277.5 357 0.667 0
3 1 1 48
103 193.5 0 0
104 186.5 0.083 0
112.5 179 0.1 0
122 169.5 0.116 0
133 159.5 0.133 0
145.5 149.5 0.15 0
157.5 141.5 0.166 0
167 137.5 0.183 0
178 134 0.2 0
186.5 133.5 0.216 0
196.5 133.5 0.233 0
204 136.5 0.25 0
210 144.5 0.266 0
211.5 155.5 0.283 0
211.5 171 0.3 0
204 189 0.316 0
192.5 207 0.333 0
178 225 0.35 0
164.5 240.5 0.366 0
155 249 0.383 0
149 254 0.4 0
146 256 0.416 0
145.5 256.5 0.433 0
153 253 0.466 0
167 248.5 0.483 0
183 246 0.5 0
195 246 0.516 0
211 247 0.533 0
225 256.5 0.55 0
237.5 270 0.566 0
246.5 287.5 0.583 0
250.5 303.5 0.6 0
252 321 0.616 0
252 338 0.633 0
246.5 357 0.65 0
235.5 373 0.666 0
221.5 387 0.683 0
205.5 399 0.7 0
188.5 406.5 0.716 0
172 409.5 0.733 0
154 410.5 0.75 0
137 410.5 0.766 0
122.5 409 0.783 0
112 405 0.8 0
103.5 399.5 0.816 0
100 395 0.833 0
99.5 391 0.85 0
99.5 383.5 0.866 0
3 1 1 42
97.5 180 0 0
102 174 0.05 0
112.5 167.5 0.067 0
129 158 0.084 0
147 149 0.1 0
160 144.5 0.117 0
169 142.5 0.134 0
177 142 0.151 0
183.5 142 0.167 0
187.5 144.5 0.184 0
188 154.5 0.2 0
187.5 175 0.217 0
177.5 195.5 0.234 0
164 215.5 0.25 0
151 232.5 0.267 0
142 243.5 0.284 0
137 248 0.3 0
135 249.5 0.317 0
135 250 0.334 0
135.5 250 0.35 0
152.5 241.5 0.367 0
171 235.5 0.384 0
188.5 233 0.4 0
205.5 233 0.417 0
222.5 240.5 0.433 0
234.5 253 0.45 0
243.5 269 0.467 0
248 284.5 0.484 0
248.5 301.5 0.5 0
248 321 0.517 0
239.5 339 0.533 0
221.5 361 0.55 0
203.5 378 0.567 0
182.5 394 0.583 0
163 405 0.6 0
141 413 0.617 0
123.5 415 0.633 0
106 415 0.65 0
94 410.5 0.667 0
88.5 404 0.683 0
86 399.5 0.7 0
84.5 395 0.717 0
3 1 1 44
116 152 0 0
125.5 142 0.033 0
134.5 136 0.05 0
147 131.5 0.067 0
155.5 129 0.083 0
167 129 0.1 0
178 129 0.117 0
186.5 131.5 0.133 0
192.5 139.5 0.15 0
193.5 150 0.167 0
193 165.5 0.183 0
183 183 0.2 0
169.5 200 0.217 0
156 216 0.233 0
143.5 229 0.25 0
135.5 237.5 0.266 0
132 240 0.283 0
131 241 0.3 0
134 238 0.333 0
149.5 229.5 0.35 0
166 223 0.367 0
180.5 220.5 0.383 0
190.5 220.5 0.4 0
200 220.5 0.417 0
208 226 0.433 0
213 235.5 0.45 0
216.5 249 0.466 0
217.5 263.5 0.483 0
217.5 280.5 0.5 0
217.5 302 0.516 0
212.5 323 0.533 0
203.5 344 0.55 0
190 366 0.566 0
176.5 378.5 0.583 0
159.5 388 0.6 0
146.5 391.5 0.617 0
134 391.5 0.633 0
120.5 388.5 0.65 0
109 380 0.667 0
101 374 0.683 0
96 369.5 0.7 0
94 366 0.716 0
93.5 362 0.734 0
93.5 357.5 0.75 0
3 1 1 47
96.5 152 0 0
101 146 0.033 0
108.5 140.5 0.05 0
119.5 134 0.067 0
132 128 0.083 0
146.5 123 0.1 0
157.5 120 0.117 0
167 119 0.133 0
177 119 0.15 0
183.5 119 0.167 0
187.5 122 0.183 0
188.5 130 0.2 0
188 148.5 0.217 0
177.5 167 0.233 0
163.5 186 0.25 0
149.5 202.5 0.267 0
139 213.5 0.284 0
132.5 220 0.3 0
129 222.5 0.317 0
128 223.5 0.334 0
131.5 222 0.367 0
150 215 0.384 0
168.5 210 0.401 0
182.5 209 0.417 0
192.5 209 0.434 0
200.5 209 0.45 0
208.5 211 0.467 0
214 218 0.484 0
218 227 0.5 0
221.5 241 0.517 0
223 253.5 0.534 0
223.5 271.5 0.55 0
223.5 294 0.567 0
220.5 315.5 0.584 0
214 336.5 0.6 0
203 356.5 0.617 0
188 372 0.633 0
168.5 381.5 0.65 0
147.5 385 0.667 0
129.5 386.5 0.683 0
110.5 386.5 0.7 0
98 386.5 0.717 0
87.5 384 0.733 0
82.5 379 0.75 0
80.5 372.5 0.767 0
80.5 363 0.783 0
86.5 353 0.8 0
3 1 1 42
119 176 0 0
128.5 164 0.034 0
140 155 0.05 0
157.5 145.5 0.067 0
177 138.5 0.083 0
190.5 136 0.1 0
204.5 136 0.117 0
215.5 139.5 0.133 0
223 148 0.15 0
226.5 158 0.167 0
226.5 174 0.184 0
220 192.5 0.2 0
202.5 212.5 0.217 0
185 230.5 0.233 0
171 244 0.25 0
162 251.5 0.267 0
156.5 255 0.284 0
154.5 256 0.3 0
154.5 256.5 0.317 0
165 251.5 0.35 0
184.5 247 0.367 0
199 247 0.384 0
214.5 247 0.4 0
228 253.5 0.417 0
240 266.5 0.434 0
246.5 280 0.45 0
251 295.5 0.467 0
253 312.5 0.483 0
253 330 0.5 0
250 351.5 0.517 0
241 370.5 0.533 0
225.5 392 0.55 0
211.5 407 0.567 0
191 419.5 0.584 0
170.5 427.5 0.6 0
148.5 429.5 0.617 0
127.5 429.5 0.634 0
109 423.5 0.65 0
97.5 417.5 0.666 0
90 411.5 0.683 0
85.5 408 0.7 0
81.5 406 0.716 0
B 1 2 54
116 103.5 0 0
116.5 135 0.015 0
116.5 160.5 0.031 0
116.5 192 0.048 0
117.5 226.5 0.065 0
121 258.5 0.081 0
124.5 283.5 0.098 0
127.5 306.5 0.115 0
128 325 0.131 0
128 341 0.148 0
128 354.5 0.165 0
128 364 0.181 0
128 371.5 0.198 0
128 375.5 0.215 0
128 376 0.231 0
117.5 130.5 0.481 1
123 125 0.565 1
138 125 0.581 1
154 125 0.598 1
169.5 128 0.615 1
183.5 134 0.631 1
193.5 143.5 0.648 1
200.5 155 0.665 1
202.5 167.5 0.681 1
201 187 0.698 1
189.5 206.5 0.715 1
171 230 0.731 1
154 250 0.748 1
141 261.5 0.765 1
133.5 268 0.781 1
130.5 270 0.798 1
129.5 270.5 0.815 1
139.5 266 0.848 1
160.5 259.5 0.865 1
183.5 257 0.881 1
200 257 0.898 1
216 259.5 0.915 1
227.5 265.5 0.931 1
238.5 274.5 0.948 1
248 285 0.965 1
256.5 301 0.981 1
260 314.5 0.998 1
261 327 1.015 1
261 341.5 1.031 1
254 353 1.048 1
240 363.5 1.065 1
222 370.5 1.081 1
202 376 1.098 1
182 379.5 1.115 1
165.5 380.5 1.131 1
152.5 381 1.148 1
140 381.5 1.165 1
132.5 383.5 1.181 1
125.5 385 1.198 1
B 1 2 58
82 144 0 0
82 148 0.05 0
82 161 0.067 0
82 186 0.084 0
86.5 219.5 0.1 0
92 253 0.117 0
97 284 0.134 0
99 309 0.15 0
100.5 336.5 0.167 0
101.5 361.5 0.183 0
102.5 378 0.2 0
103 390.5 0.217 0
103.5 398.5 0.234 0
103.5 403 0.25 0
103.5 405 0.267 0
94 164 0.483 1
102.5 160 0.533 1
115.5 159 0.55 1
131 159 0.567 1
150 164 0.583 1
163.5 173.5 0.6 1
173.5 181.5 0.617 1
182 189 0.634 1
185.5 197 0.65 1
186 208.5 0.667 1
181.5 224.5 0.683 1
167.5 241.5 0.7 1
150.5 257.5 0.717 1
132.5 271 0.734 1
120.5 279.5 0.75 1
113 283.5 0.767 1
108.5 285 0.784 1
108 285.5 0.8 1
117.5 283 0.833 1
136.5 278 0.85 1
154.5 276.5 0.867 1
178 276.5 0.883 1
195.5 280.5 0.9 1
213 287.5 0.917 1
226.5 294.5 0.933 1
239 301.5 0.95 1
248.5 309.5 0.967 1
254 317 0.983 1
257 326 1 1
258 334.5 1.017 1
258 348.5 1.033 1
253.5 363 1.05 1
245.5 379 1.067 1
234 393 1.083 1
219.5 402.5 1.1 1
204.5 406.5 1.117 1
187.5 408 1.133 1
169.5 408 1.15 1
153.5 408 1.167 1
140.5 408 1.183 1
129.5 408 1.2 1
123 408 1.217 1
118.5 408.5 1.233 1
B 1 2 62
90 128.5 0 0
91.5 133.5 0.033 0
91.5 144 0.05 0
91.5 159.5 0.067 0
91.5 187 0.084 0
91.5 216 0.1 0
94.5 252 0.117 0
97 279 0.133 0
98.5 306 0.15 0
99.5 330.5 0.167 0
100.5 352.5 0.184 0
101.5 369 0.2 0
103 384.5 0.217 0
103.5 396 0.233 0
104 404.5 0.25 0
105 410 0.267 0
106 414 0.283 0
108 416 0.3 0
98 136 0.567 1
103.5 134 0.6 1
114.5 134 0.617 1
129.5 133.5 0.633 1
153 133.5 0.65 1
173.5 137 0.667 1
192.5 145.5 0.683 1
204.5 152.5 0.7 1
212.5 160.5 0.717 1
215.5 168.5 0.733 1
215.5 182.5 0.75 1
207.5 200 0.767 1
192.5 217 0.783 1
171.5 236.5 0.8 1
154 249.5 0.817 1
135.5 260.5 0.833 1
123.5 265.5 0.85 1
115.5 267.5 0.867 1
111.5 268 0.883 1
110.5 268 0.9 1
123.5 264.5 0.934 1
146 261.5 0.95 1
168.5 261.5 0.967 1
190 266 0.984 1
210 276 1 1
228 287.5 1.017 1
241.5 298.5 1.033 1
249.5 307.5 1.05 1
253.5 316 1.067 1
255.5 326 1.083 1
255.5 337 1.1 1
255 351 1.117 1
250 365.5 1.133 1
241.5 381 1.15 1
228.5 394 1.167 1
213 402.5 1.184 1
194.5 407.5 1.2 1
178.5 409.5 1.217 1
160 411.5 1.233 1
144 413.5 1.25 1
132 415.5 1.267 1
124 416 1.283 1
119 416.5 1.3 1
113.5 416.5 1.316 1
B 1 2 65
98 101.5 0 0
99 110 0.033 0
99 123 0.05 0
99.5 146.5 0.067 0
101.5 174.5 0.083 0
104.5 203.5 0.1 0
107 237.5 0.117 0
108.5 263.5 0.133 0
110 291 0.15 0
111.5 316 0.167 0
113.5 338 0.183 0
115.5 356 0.2 0
117 373 0.217 0
118 385 0.233 0
118.5 393.5 0.25 0
119 398 0.267 0
119.5 400 0.283 0
98 121.5 0.517 1
98.5 116.5 0.567 1
104 114 0.583 1
117 111 0.6 1
132 110.5 0.617 1
148.5 110.5 0.634 1
164 113.5 0.65 1
178.5 120.5 0.667 1
188.5 128.5 0.684 1
195.5 138.5 0.7 1
197.5 148 0.717 1
197.5 160 0.733 1
192 177 0.75 1
180 192.5 0.767 1
165 210 0.783 1
151 224 0.8 1
140 233 0.817 1
133 239 0.834 1
129 241.5 0.85 1
127.5 242 0.867 1
127 242 0.883 1
132 239 0.917 1
144.5 234.5 0.933 1
159.5 233 0.95 1
176.5 233 0.967 1
194 240.5 0.983 1
209.5 249.5 1 1
222.5 257 1.016 1
234.5 265 1.033 1
245 273.5 1.05 1
252 280 1.067 1
258.5 287.5 1.083 1
263 295 1.1 1
267.5 303.5 1.117 1
272.5 321 1.134 1
274.5 341.5 1.15 1
274.5 355.5 1.167 1
265 369.5 1.183 1
252.5 375 1.2 1
236.5 378.5 1.217 1
220.5 380.5 1.233 1
207 381.5 1.25 1
189 381.5 1.267 1
172.5 382 1.284 1
158.5 384.5 1.3 1
147.5 387 1.317 1
139 390 1.334 1
133 392.5 1.35 1
B 1 2 57
94 120 0 0
91.5 134 0.033 0
91.5 153.5 0.05 0
90.5 180 0.067 0
90.5 210 0.083 0
90.5 246 0.1 0
93.5 277.5 0.117 0
99 305.5 0.133 0
103 329 0.15 0
106.5 353 0.167 0
108.5 370.5 0.183 0
109.5 384.5 0.2 0
109.5 395.5 0.217 0
109.5 402 0.234 0
109.5 405 0.25 0
108.5 405 0.267 0
96.5 134 0.484 1
113.5 129.5 0.567 1
129.5 130 0.584 1
147 135 0.6 1
163 144.5 0.617 1
174 156 0.634 1
181.5 166.5 0.65 1
185 177 0.667 1
185 193 0.684 1
180.5 211 0.7 1
167.5 227.5 0.717 1
152 244.5 0.734 1
135 257 0.75 1
124 265 0.767 1
116 269 0.784 1
110.5 271 0.8 1
109 271.5 0.818 1
113.5 270.5 0.85 1
133 264.5 0.867 1
155 261 0.884 1
176.5 261 0.9 1
195 263.5 0.917 1
214 271 0.934 1
232 280.5 0.95 1
249.5 292 0.967 1
264.5 305.5 0.983 1
273.5 318 1 1
278 332 1.017 1
278.5 343.5 1.033 1
278.5 355 1.05 1
272 364 1.067 1
260 371 1.084 1
246.5 376 1.1 1
226.5 381.5 1.117 1
205 385.5 1.133 1
183.5 388.5 1.15 1
165.5 390.5 1.167 1
147.5 394 1.183 1
135.5 397 1.2 1
123.5 403 1.217 1
119 407.5 1.234 1
o 1 1 38
123 136 0 0
114.5 137.5 0.034 0
105.5 141 0.05 0
93 152 0.067 0
81.5 167.5 0.084 0
71 185.5 0.1 0
63 205.5 0.117 0
57 225.5 0.134 0
54.5 243 0.15 0
54 261.5 0.167 0
54 279.5 0.184 0
62 299 0.2 0
74 316 0.217 0
91 330 0.234 0
111.5 340.5 0.25 0
134.5 346.5 0.267 0
153.5 347.5 0.284 0
173 347.5 0.3 0
194.5 343 0.317 0
214 333.5 0.334 0
232 322 0.35 0
247 309 0.367 0
259 294 0.384 0
266.5 277.5 0.4 0
269.5 261 0.417 0
270.5 243 0.434 0
270.5 226 0.45 0
264.5 211 0.467 0
256.5 198 0.484 0
246 183.5 0.5 0
234 172 0.517 0
220.5 161 0.534 0
204 150 0.55 0
187 142.5 0.567 0
170.5 140 0.584 0
153.5 140 0.6 0
135 144 0.617 0
118.5 152.5 0.634 0
o 1 1 37
143.5 202 0 0
139.5 201 0.017 0
134 201 0.033 0
127 201.5 0.05 0
119 206 0.067 0
108 214.5 0.083 0
96 229 0.1 0
85.5 246.5 0.117 0
76 265.5 0.133 0
69.5 286 0.15 0
67 303.5 0.167 0
67 323.5 0.183 0
68.5 339.5 0.2 0
78 355.5 0.217 0
90.5 366 0.233 0
106 374 0.25 0
121.5 378 0.267 0
140 378.5 0.283 0
165 377 0.3 0
193.5 366.5 0.317 0
219.5 355.5 0.333 0
245.5 342 0.35 0
268 326 0.367 0
282.5 310 0.384 0
297.5 289 0.4 0
305.5 271 0.416 0
307 256 0.433 0
304 239 0.45 0
290 227 0.466 0
273 218 0.483 0
253 212 0.5 0
230.5 207.5 0.516 0
207 204 0.533 0
182 203.5 0.55 0
159 203.5 0.567 0
138 204 0.583 0
116.5 212.5 0.6 0
o 1 1 32
120 157 0 0
111.5 164.5 0.017 0
100.5 179.5 0.034 0
89.5 199.5 0.05 0
80.5 222.5 0.067 0
73.5 247.5 0.084 0
70.5 271.5 0.1 0
70.5 294.5 0.117 0
71 315.5 0.133 0
80 334.5 0.15 0
92.5 350.5 0.167 0
109.5 362.5 0.183 0
130 369 0.2 0
149.5 370.5 0.217 0
173.5 368.5 0.234 0
194.5 357 0.25 0
212.5 341 0.267 0
231 319 0.284 0
244 295.5 0.3 0
253 269.5 0.317 0
257 246.5 0.333 0
257 222.5 0.35 0
255.5 201 0.367 0
245.5 182 0.384 0
231.5 167 0.4 0
215.5 157.5 0.417 0
200.5 153.5 0.433 0
183.5 153 0.45 0
165.5 153 0.467 0
145 161 0.483 0
127 172 0.5 0
108.5 189.5 0.516 0
o 1 1 36
169 178 0 0
163.5 177 0.017 0
157 177 0.033 0
148.5 180.5 0.05 0
135 192 0.067 0
121.5 209 0.083 0
110 230 0.1 0
102 251 0.117 0
96.5 269.5 0.133 0
93.5 285.5 0.15 0
93.5 302.5 0.167 0
95 321.5 0.183 0
104.5 336.5 0.2 0
117 349.5 0.217 0
133 358 0.233 0
148 362 0.25 0
165.5 363.5 0.267 0
188 363.5 0.283 0
208.5 356.5 0.3 0
227.5 345.5 0.317 0
246 333 0.334 0
262.5 318 0.35 0
276.5 301.5 0.367 0
286 284 0.384 0
292.5 265.5 0.4 0
293 249.5 0.417 0
293 232.5 0.433 0
283 216 0.45 0
269.5 203.5 0.467 0
253 193.5 0.483 0
234 187.5 0.5 0
217 184 0.517 0
198 184 0.533 0
179.5 184 0.55 0
159 188 0.567 0
141.5 199.5 0.583 0
o 1 1 34
80 224 0 0
74 235.5 0.017 0
68 253 0.033 0
64 270 0.05 0
63.5 292 0.067 0
64.5 314 0.084 0
73 337 0.1 0
89.5 361.5 0.117 0
107.5 377.5 0.133 0
125.5 388 0.15 0
143.5 391.5 0.167 0
166.5 391.5 0.183 0
187.5 383.5 0.2 0
207 371 0.217 0
223.5 357.5 0.233 0
239 342.5 0.25 0
250.5 326.5 0.267 0
259 306.5 0.283 0
263.5 286 0.3 0
263.5 264.5 0.317 0
262 245 0.333 0
254.5 227.5 0.35 0
244.5 211 0.367 0
230.5 197 0.383 0
214 185.5 0.4 0
195 179 0.417 0
176 175.5 0.433 0
157 175.5 0.45 0
134 176.5 0.467 0
116 184.5 0.483 0
99 196 0.5 0
84.5 211 0.517 0
72.5 236 0.534 0
70.5 260.5 0.55 0
ok 1 1 19
64 233.5 0 0
65.5 242 0.017 0
67.5 258 0.033 0
74.5 279 0.05 0
87 308.5 0.067 0
101.5 338 0.083 0
117 366 0.1 0
130 383 0.117 0
136 392 0.133 0
139 395 0.15 0
141.5 395 0.167 0
144.5 379.5 0.183 0
152.5 347.5 0.2 0
163 307.5 0.217 0
177.5 260 0.233 0
195.5 213 0.25 0
216.5 171 0.267 0
236.5 140 0.284 0
264 108 0.3 0
ok 1 1 18
72 264.5 0 0
74 273.5 0.033 0
76 287.5 0.05 0
86 315 0.067 0
100 346.5 0.083 0
116.5 377 0.1 0
132 401 0.117 0
140.5 415 0.134 0
146.5 422.5 0.15 0
150 424.5 0.167 0
153.5 424 0.183 0
157 403 0.2 0
159 361 0.217 0
165 314 0.233 0
176.5 266.5 0.25 0
192.5 224.5 0.267 0
214.5 184 0.283 0
241.5 142.5 0.3 0
ok 1 1 19
63 243.5 0 0
64 252 0.034 0
67 267 0.05 0
78.5 295 0.067 0
93.5 326.5 0.083 0
109 356 0.1 0
119.5 373 0.117 0
126 382.5 0.134 0
130 386.5 0.15 0
133 388 0.167 0
136.5 388 0.184 0
144.5 368 0.2 0
154 336.5 0.217 0
162 299.5 0.233 0
173.5 261 0.25 0
189.5 223.5 0.266 0
209 186 0.283 0
230 151.5 0.3 0
253.5 120.5 0.316 0
ok 1 1 17
95.5 193 0 0
98.5 205 0.033 0
105.5 222.5 0.05 0
117 242.5 0.067 0
126 254.5 0.083 0
132.5 260.5 0.1 0
137 261.5 0.117 0
142 261.5 0.133 0
152 246.5 0.15 0
166.5 219.5 0.167 0
184.5 189 0.183 0
201.5 160 0.2 0
225 128.5 0.217 0
253 92.5 0.233 0
279 65 0.25 0
301.5 50 0.267 0
312.5 36.5 0.283 0
ok 1 1 15
85.5 245 0 0
88.5 249 0.033 0
89 263 0.05 0
94.5 285 0.067 0
103.5 313 0.083 0
114 336.5 0.1 0
122 352.5 0.117 0
127.5 360.5 0.133 0
131 363 0.15 0
135.5 363 0.167 0
149 337 0.184 0
165.5 297 0.2 0
184.5 253.5 0.217 0
204 214.5 0.234 0
229 171.5 0.25 0
W 1 1 38
48.5 169.5 0 0
51 174 0.083 0
53.5 187 0.1 0
59.5 210 0.117 0
67 240.5 0.133 0
77 267 0.15 0
87 294 0.167 0
97.5 318.5 0.183 0
104.5 337.5 0.2 0
110.5 351 0.217 0
114 358 0.233 0
116.5 360.5 0.25 0
117.5 361 0.267 0
119.5 354 0.283 0
125.5 324 0.3 0
130.5 294.5 0.317 0
135 273 0.333 0
139.5 256.5 0.35 0
144 247 0.367 0
146 243.5 0.383 0
148 242.5 0.4 0
149.5 242.5 0.417 0
151.5 252 0.433 0
156 273.5 0.45 0
162 297.5 0.467 0
172 326.5 0.483 0
184.5 356 0.5 0
201 379.5 0.517 0
210 390 0.533 0
215 391.5 0.55 0
220 386 0.567 0
222 358.5 0.583 0
222.5 314 0.6 0
223.5 266.5 0.617 0
226.5 223.5 0.633 0
233.5 187 0.65 0
243 165 0.667 0
258 140.5 0.683 0
W 1 1 37
73 188 0 0
73.5 193 0.067 0
75 212.5 0.084 0
82 243.5 0.1 0
90 274.5 0.117 0
100.5 306 0.134 0
111.5 338 0.15 0
120.5 364 0.167 0
125 378 0.183 0
127 385 0.2 0
127.5 387 0.217 0
128 387 0.233 0
128.5 380 0.25 0
132 349.5 0.267 0
139 317.5 0.283 0
148.5 291 0.3 0
156 275 0.317 0
162.5 263.5 0.333 0
167 259 0.35 0
169.5 258 0.367 0
172.5 258 0.383 0
177 272 0.4 0
181 293.5 0.417 0
183.5 310.5 0.433 0
189 341.5 0.45 0
199 373 0.466 0
211 400.5 0.483 0
218 414 0.5 0
223 418 0.517 0
227 417.5 0.533 0
228 388 0.55 0
230 342 0.567 0
231 297.5 0.583 0
236.5 253.5 0.6 0
247.5 215 0.616 0
261 180 0.633 0
280 140.5 0.65 0
W 1 1 33
62 208 0 0
62 212.5 0.033 0
64 226.5 0.05 0
74 253.5 0.067 0
88 281 0.084 0
101.5 305 0.1 0
110.5 323 0.117 0
117.5 336.5 0.134 0
122 347 0.15 0
125 354 0.167 0
127 357 0.184 0
128.5 357 0.2 0
129 342 0.217 0
129.5 315.5 0.234 0
132 288.5 0.25 0
136.5 272 0.267 0
141.5 262 0.284 0
146.5 256.5 0.3 0
150.5 254 0.317 0
156.5 255 0.334 0
169 281 0.35 0
180 312.5 0.367 0
186 333 0.384 0
190.5 348 0.4 0
192.5 355.5 0.417 0
194 357.5 0.433 0
195.5 354.5 0.45 0
201 331 0.467 0
211 298 0.483 0
224.5 264.5 0.5 0
239 233.5 0.517 0
252 200.5 0.533 0
263.5 167 0.55 0
W 1 1 37
48.5 197.5 0 0
50 196 0.05 0
50.5 206 0.067 0
56.5 230 0.083 0
67.5 267 0.1 0
82 303.5 0.117 0
94 333.5 0.134 0
100.5 350.5 0.15 0
104.5 362 0.167 0
107.5 369.5 0.183 0
109 373 0.2 0
110.5 374 0.217 0
112 374 0.234 0
113 364 0.25 0
113.5 338.5 0.267 0
113.5 308.5 0.283 0
114.5 282.5 0.3 0
118 267.5 0.317 0
122.5 257.5 0.333 0
126.5 252 0.35 0
131 249 0.367 0
136 249 0.384 0
141.5 251 0.4 0
149.5 267 0.417 0
155 286 0.434 0
164 313 0.45 0
174 340.5 0.467 0
181.5 357 0.483 0
187.5 365.5 0.5 0
194 366.5 0.517 0
199 360.5 0.534 0
201.5 334.5 0.55 0
202.5 293 0.567 0
205.5 250.5 0.584 0
211 212 0.601 0
217.5 180 0.617 0
223 149 0.634 0
W 1 1 36
60.5 197 0 0
60.5 199 0.05 0
62 210.5 0.066 0
71.5 239 0.083 0
84.5 269.5 0.1 0
99.5 300.5 0.117 0
113 328.5 0.133 0
123 348.5 0.15 0
132 366.5 0.167 0
139 377 0.183 0
145 384 0.2 0
149.5 386 0.217 0
154 385 0.233 0
154.5 360.5 0.25 0
154.5 319.5 0.266 0
154 283.5 0.283 0
154 260.5 0.3 0
157.5 246.5 0.316 0
162.5 238 0.333 0
168 233.5 0.35 0
172.5 233.5 0.366 0
181.5 244 0.383 0
191.5 278 0.4 0
201 307.5 0.416 0
207.5 326 0.433 0
214.5 344 0.45 0
218.5 355.5 0.466 0
221 360.5 0.483 0
224 361.5 0.5 0
227.5 360 0.517 0
231.5 340 0.533 0
231.5 299 0.55 0
231 247 0.567 0
233.5 196 0.583 0
242 159.5 0.6 0
250.5 130.5 0.616 0
x 1 2 25
94 149.5 0 0
98 157 0.033 0
105.5 168.5 0.05 0
119 190.5 0.067 0
134.5 218.5 0.083 0
154 251.5 0.1 0
175.5 284.5 0.117 0
197 314 0.133 0
215 338 0.15 0
230.5 359.5 0.167 0
243 377 0.183 0
249 389.5 0.2 0
252 395 0.217 0
253.5 395 0.233 0
236.5 135.5 0.433 1
227.5 149 0.467 1
214 171.5 0.483 1
196 201.5 0.5 1
176 239 0.517 1
157 276 0.534 1
137 309.5 0.55 1
120 341 0.567 1
107 365 0.583 1
99.5 381.5 0.6 1
95.5 397.5 0.617 1
x 1 2 25
97.5 171 0 0
99 174.5 0.034 0
103.5 182 0.05 0
116 194.5 0.067 0
134 216 0.084 0
153 240.5 0.101 0
172.5 266.5 0.117 0
192.5 294 0.134 0
210.5 320 0.151 0
225 341.5 0.167 0
236.5 360 0.184 0
248 378.5 0.201 0
257.5 394 0.217 0
261 399.5 0.234 0
248 144 0.433 1
245 153 0.484 1
236 176.5 0.5 1
222 207.5 0.517 1
204.5 248 0.534 1
187.5 286.5 0.551 1
169.5 320 0.567 1
154 352.5 0.584 1
139.5 380.5 0.6 1
131 403 0.617 1
125.5 423.5 0.634 1
x 1 2 25
90 153 0 0
92.5 159 0.033 0
99.5 171 0.05 0
110.5 189.5 0.067 0
127 216 0.083 0
144 243 0.1 0
161.5 269.5 0.117 0
179 293 0.133 0
194.5 314 0.15 0
207 331.5 0.167 0
218 350.5 0.184 0
228.5 367.5 0.2 0
236.5 380.5 0.217 0
243.5 392.5 0.234 0
247 399 0.25 0
239.5 150.5 0.45 1
227.5 170 0.534 1
213 198 0.551 1
198.5 226 0.567 1
183.5 254 0.584 1
167.5 281 0.601 1
152.5 309 0.617 1
139.5 338 0.634 1
129.5 364.5 0.65 1
123 386 0.667 1
x 1 2 26
106.5 175 0 0
113 181.5 0.033 0
119.5 191 0.05 0
130 209.5 0.067 0
145.5 236 0.083 0
160.5 262 0.1 0
177 289 0.117 0
193 314.5 0.133 0
208 338.5 0.15 0
222.5 361.5 0.167 0
235 376.5 0.183 0
244.5 388.5 0.2 0
254 399 0.217 0
261.5 405.5 0.234 0
259.5 140.5 0.45 1
251 161 0.517 1
238.5 189 0.533 1
222.5 219.5 0.55 1
206 252.5 0.567 1
188.5 284.5 0.583 1
171 315 0.6 1
155.5 344.5 0.617 1
142 373.5 0.633 1
132.5 400 0.65 1
128 421.5 0.667 1
126 440 0.684 1
x 1 2 28
84 172 0 0
88.5 179.5 0.05 0
95 190 0.067 0
105.5 207 0.083 0
118.5 229.5 0.1 0
132 254 0.116 0
147 278.5 0.133 0
163 301.5 0.15 0
179.5 323.5 0.166 0
195 343 0.183 0
210.5 362.5 0.2 0
223 378 0.216 0
235 394.5 0.233 0
244.5 409.5 0.25 0
251.5 420 0.266 0
236 149 0.483 1
232 155 0.55 1
224.5 179 0.566 1
211.5 204 0.583 1
198 230.5 0.6 1
182.5 257.5 0.616 1
165 284 0.633 1
149.5 311.5 0.65 1
136 340 0.666 1
126 367.5 0.683 1
119 391.5 0.7 1
114.5 417.5 0.716 1
112 440.5 0.733 1
z 1 1 39
68.5 145.5 0 0
67 143.5 0.067 0
73.5 143.5 0.083 0
87 143.5 0.1 0
106.5 143.5 0.117 0
133 143.5 0.133 0
160 143 0.15 0
187 142 0.167 0
210.5 141 0.183 0
226.5 139.5 0.2 0
240 138.5 0.217 0
249.5 138 0.233 0
255.5 138 0.25 0
258.5 138 0.267 0
258.5 141.5 0.283 0
251.5 151 0.3 0
235.5 164 0.317 0
212.5 182.5 0.333 0
189.5 203.5 0.35 0
166 228.5 0.367 0
142 256.5 0.383 0
120 283 0.4 0
99 306.5 0.417 0
84 327 0.433 0
73.5 339 0.45 0
68 345.5 0.467 0
66 348.5 0.483 0
66 350.5 0.5 0
66.5 352 0.517 0
81 352 0.533 0
103.5 352 0.55 0
126.5 350.5 0.567 0
151 348.5 0.583 0
176 348 0.6 0
200.5 348 0.617 0
224.5 348 0.633 0
243 348 0.65 0
257.5 348 0.667 0
271 348 0.684 0
z 1 1 40
76 163 0 0
83 163.5 0.067 0
94 163.5 0.083 0
114 163.5 0.1 0
138.5 164 0.117 0
158 164 0.134 0
182 164 0.15 0
197.5 163 0.167 0
216 161.5 0.183 0
229 161.5 0.2 0
242 161.5 0.217 0
250 161.5 0.233 0
254.5 161.5 0.251 0
257 162 0.267 0
257.5 163.5 0.283 0
257.5 166 0.3 0
248.5 172.5 0.317 0
233.5 184.5 0.333 0
214.5 202.5 0.35 0
194 221 0.367 0
170.5 242.5 0.383 0
148 262.5 0.4 0
126 281.5 0.417 0
107.5 300 0.433 0
95.5 314 0.45 0
87.5 325.5 0.467 0
82.5 333 0.483 0
80.5 338 0.5 0
80.5 341 0.517 0
81 343 0.534 0
89.5 343.5 0.55 0
106.5 343.5 0.567 0
126.5 343.5 0.583 0
154.5 343.5 0.6 0
181.5 343.5 0.617 0
207.5 343.5 0.634 0
227 343.5 0.65 0
246 343.5 0.667 0
260.5 343.5 0.683 0
272.5 343.5 0.7 0
z 1 1 41
73 163.5 0 0
75.5 164.5 0.067 0
83 164.5 0.083 0
97.5 164.5 0.1 0
116 164.5 0.117 0
136.5 164.5 0.134 0
158.5 164.5 0.15 0
183 164.5 0.167 0
200 164.5 0.183 0
220 164.5 0.2 0
239 164.5 0.217 0
256.5 165.5 0.234 0
269 168 0.25 0
277 169.5 0.267 0
281.5 170.5 0.283 0
283.5 172 0.3 0
284 173 0.317 0
277.5 179 0.333 0
257.5 196 0.35 0
236 214 0.367 0
212 234.5 0.383 0
186 255 0.4 0
159.5 276 0.417 0
135.5 297 0.433 0
118 316.5 0.45 0
105.5 333 0.466 0
97.5 346 0.483 0
92.5 355.5 0.5 0
90.5 360.5 0.516 0
90.5 363 0.533 0
90.5 364.5 0.55 0
101 364.5 0.567 0
120 364.5 0.583 0
147 364.5 0.6 0
172.5 364.5 0.617 0
197.5 364.5 0.633 0
223 363 0.65 0
249.5 362 0.667 0
273.5 361.5 0.683 0
293 361.5 0.7 0
306.5 361.5 0.717 0
z 1 1 31
77.5 207 0 0
85.5 202.5 0.05 0
95.5 197 0.067 0
117.5 187 0.084 0
146 175.5 0.1 0
167 168.5 0.117 0
188.5 161 0.134 0
205.5 155 0.151 0
218 152 0.167 0
225.5 151 0.184 0
230 151 0.2 0
232 151 0.217 0
232 157.5 0.234 0
219.5 175 0.25 0
198.5 198 0.267 0
175.5 222.5 0.284 0
152.5 252 0.3 0
131 280.5 0.317 0
113 307.5 0.334 0
99.5 330.5 0.35 0
92.5 344.5 0.367 0
89.5 353.5 0.384 0
89.5 357 0.401 0
89.5 357.5 0.417 0
106 352 0.434 0
134.5 338.5 0.451 0
165 326.5 0.467 0
196 314 0.484 0
224.5 304 0.5 0
248.5 297 0.517 0
272 293 0.534 0
z 1 1 33
70.5 185 0 0
77 181.5 0.033 0
87.5 180 0.05 0
107 174.5 0.067 0
132.5 169 0.083 0
161 165 0.1 0
188 161 0.117 0
211.5 157.5 0.133 0
228.5 154.5 0.15 0
245 152 0.167 0
254.5 151.5 0.183 0
260 151.5 0.2 0
261.5 151.5 0.217 0
261.5 157 0.233 0
246 174.5 0.25 0
224 196 0.267 0
197.5 220 0.283 0
169.5 250 0.3 0
141.5 282 0.317 0
118.5 312 0.333 0
99 337.5 0.35 0
88 356.5 0.367 0
79 368 0.383 0
75.5 375.5 0.4 0
75 379 0.417 0
75 380.5 0.433 0
89.5 380 0.45 0
114.5 373.5 0.467 0
148.5 366.5 0.483 0
179 361.5 0.5 0
212.5 357.5 0.517 0
248 355.5 0.533 0
275 355.5 0.55 0
